,#,"Country,Other",TotalCases,NewCases,TotalDeaths,NewDeaths,TotalRecovered,NewRecovered,ActiveCases,"Serious,Critical",Tot Cases/1M pop,Deaths/1M pop,TotalTests,"Tests/
1M pop
",Population,Continent,1 Caseevery X ppl,1 Deathevery X ppl,1 Testevery X ppl
0,,"
North America
","3,148,180","+23,862","167,944",+841,"1,372,527","+12,314","1,607,709","18,918",,,,,,North America,"
",,
1,,"
South America
","2,203,943","+17,415","84,329",+715,"1,273,593","+6,532","846,021","12,798",,,,,,South America,"
",,
2,,"
Europe
","2,440,531","+11,297","191,479",+453,"1,370,535","+13,590","878,517","5,714",,,,,,Europe,"
",,
3,,"
Asia
","2,296,783","+40,399","56,812","+1,082","1,507,543","+31,347","732,428","19,359",,,,,,Asia,"
",,
4,,"
Africa
","397,857","+1,543","9,941",+27,"190,912","+1,190","197,004",920,,,,,,Africa,"
",,
5,,"
Oceania
","9,476",+69,126,,"8,599",,751,1,,,,,,Australia/Oceania,"
",,
6,,"

",721,,15,,651,,55,4,,,,,,,"
",,
7,,World,"10,497,491","+94,585","510,646","+3,118","5,724,360","+64,973","4,262,485","57,714","1,347",65.5,,,,All,"
",,
8,1,USA,"2,699,317","+17,506","129,075 ",+292,"1,124,140","+6,963","1,446,102","15,864","8,155",390,"33,417,447","100,960","330,996,984 ",North America,123,"2,564",10
9,2,Brazil,"1,383,678","+13,190","58,927 ",+542,"757,462",,"567,289","8,318","6,510",277,"3,070,447","14,445","212,554,056 ",South America,154,"3,607",69
10,3,Russia,"647,849","+6,693","9,320 ",+154,"412,650","+9,220","225,879","2,300","4,439",64,"19,562,440","134,050","145,934,449 ",Europe,225,"15,658",7
11,4,India,"582,147","+14,611","17,322 ",+418,"345,070","+9,799","219,755","8,944",422,13,"8,608,654","6,238","1,379,937,465 ",Asia,"2,370","79,664",160
12,5,UK,"312,654",+689,"43,730 ",+155,N/A,N/A,N/A,276,"4,606",644,"9,426,631","138,862","67,885,079 ",Europe,217,"1,552",7
13,6,Spain,"296,351",+301,"28,355 ",+9,N/A,N/A,N/A,617,"6,338",606,"5,162,909","110,425","46,754,775 ",Europe,158,"1,649",9
14,7,Peru,"282,365",,"9,504 ",,"171,159",,"101,702","1,183","8,565",288,"1,661,324","50,391","32,968,619 ",South America,117,"3,469",20
15,8,Chile,"279,393","+3,394","5,688 ",+113,"241,229","+5,075","32,476","2,106","14,616",298,"1,109,792","58,057","19,115,496 ",South America,68,"3,361",17
16,9,Italy,"240,578",+142,"34,767 ",+23,"190,248","+1,052","15,563",93,"3,979",575,"5,390,110","89,149","60,461,762 ",Europe,251,"1,739",11
17,10,Iran,"227,662","+2,457","10,817 ",+147,"188,758","+2,578","28,087","3,049","2,711",129,"1,666,587","19,844","83,986,007 ",Asia,369,"7,764",50
18,11,Mexico,"220,657","+3,805","27,121 ",+473,"131,264","+4,421","62,272",378,"1,712",210,"566,602","4,395","128,925,604 ",North America,584,"4,754",228
19,12,Pakistan,"209,337","+2,825","4,304 ",+137,"98,503","+3,096","106,530","2,689",948,19,"1,283,092","5,810","220,849,796 ",Asia,"1,055","51,313",172
20,13,Turkey,"199,906","+1,293","5,131 ",+16,"173,111","+1,302","21,664","1,026","2,370",61,"3,381,650","40,098","84,334,159 ",Asia,422,"16,436",25
21,14,Germany,"195,565",+173,"9,041 ",,"179,100","+1,000","7,424",332,"2,334",108,"5,412,655","64,603","83,783,518 ",Europe,428,"9,267",15
22,15,Saudi Arabia,"190,823","+4,387","1,649 ",+50,"130,766","+3,648","58,408","2,278","5,482",47,"1,639,314","47,094","34,809,589 ",Asia,182,"21,110",21
23,16,France,"164,260",,"29,813 ",,"75,649",,"58,798",634,"2,516",457,"1,384,633","21,213","65,273,353 ",Europe,397,"2,189",47
24,17,Bangladesh,"145,483","+3,682","1,847 ",+64,"59,624","+1,844","84,012",1,883,11,"769,460","4,672","164,681,180 ",Asia,"1,132","89,161",214
25,18,South Africa,"144,264",,"2,529 ",,"70,614",,"71,121",539,"2,433",43,"1,596,995","26,929","59,303,935 ",Africa,411,"23,450",37
26,19,Canada,"104,144",+226,"8,591 ",+25,"67,522",+344,"28,031","2,089","2,759",228,"2,721,685","72,115","37,740,701 ",North America,362,"4,393",14
27,20,Qatar,"96,088",+982,113 ,,"81,564","+1,394","14,411",200,"34,222",40,"356,832","127,086","2,807,805 ",Asia,29,"24,848",8
28,21,Colombia,"95,043",,"3,223 ",,"39,954",,"51,866",335,"1,868",63,"743,437","14,612","50,879,986 ",South America,535,"15,787",68
29,22,Sweden,"67,667",,"5,310 ",,N/A,N/A,N/A,144,"6,700",526,"444,607","44,025","10,099,069 ",Europe,149,"1,902",23
30,23,Egypt,"66,754",,"2,872 ",,"17,951",,"45,931",41,652,28,"135,000","1,319","102,315,827 ",Africa,"1,533","35,625",758
31,24,Argentina,"62,268",,"1,283 ",+3,"22,028",+890,"38,957",457,"1,378",28,"352,402","7,798","45,193,867 ",South America,726,"35,225",128
32,25,Belarus,"62,118",+328,392 ,+5,"46,054",+841,"15,672",89,"6,574",41,"1,000,785","105,911","9,449,322 ",Europe,152,"24,105",9
33,26,Belgium,"61,427",+66,"9,747 ",+15,"16,984",+43,"34,696",41,"5,300",841,"1,226,238","105,806","11,589,514 ",Europe,189,"1,189",9
34,27,Indonesia,"56,385","+1,293","2,876 ",+71,"24,806","+1,006","28,703",,206,11,"803,898","2,939","273,508,250 ",Asia,"4,851","95,100",340
35,28,Ecuador,"55,665",,"4,502 ",,"27,430",,"23,733",288,"3,155",255,"145,916","8,271","17,640,992 ",South America,317,"3,918",121
36,29,Netherlands,"50,273",+50,"6,113 ",+6,N/A,N/A,N/A,30,"2,934",357,"616,376","35,972","17,134,831 ",Europe,341,"2,803",28
37,30,Iraq,"49,109","+1,958","1,943 ",+104,"24,760","+1,786","22,406",293,"1,221",48,"544,545","13,542","40,212,087 ",Asia,819,"20,696",74
38,31,UAE,"48,667",+421,315 ,+1,"37,566",+490,"10,786",1,"4,921",32,"3,136,000","317,098","9,889,675 ",Asia,203,"31,396",3
39,32,Kuwait,"46,195",+671,354 ,+4,"37,030",+717,"8,811",139,"10,818",83,"386,887","90,604","4,270,098 ",Asia,92,"12,062",11
40,33,Ukraine,"44,334",+706,"1,159 ",+12,"19,115",+88,"24,060",92,"1,014",27,"656,122","15,003","43,732,994 ",Europe,986,"37,733",67
41,34,Singapore,"43,907",+246,26 ,,"38,500",+515,"5,381",1,"7,505",4,"684,359","116,981","5,850,161 ",Asia,133,"225,006",9
42,35,Portugal,"42,141",+229,"1,576 ",+8,"27,505",+300,"13,060",73,"4,133",155,"1,178,053","115,533","10,196,667 ",Europe,242,"6,470",9
43,36,Oman,"40,070","+1,010",176 ,+7,"23,425","+1,003","16,469",117,"7,849",34,"191,412","37,496","5,104,919 ",Asia,127,"29,005",27
44,37,Philippines,"37,514","+1,076","1,266 ",+11,"10,233",+277,"26,015",148,342,12,"708,534","6,466","109,571,275 ",Asia,"2,921","86,549",155
45,38,Poland,"34,393",+239,"1,463 ",+19,"21,281",+384,"11,649",85,909,39,"1,521,406","40,199","37,846,589 ",Europe,"1,100","25,869",25
46,39,Panama,"32,785",,620 ,,"15,595",,"16,570",140,"7,599",144,"128,795","29,854","4,314,225 ",North America,132,"6,958",33
47,40,Dominican Republic,"32,568",+752,747 ,+14,"17,580",+300,"14,241",207,"3,002",69,"150,919","13,913","10,847,363 ",North America,333,"14,521",72
48,41,Bolivia,"32,125",+601,"1,071 ",+57,"8,928",+411,"22,126",71,"2,752",92,"73,272","6,278","11,671,924 ",South America,363,"10,898",159
49,42,Switzerland,"31,714",+62,"1,963 ",+1,"29,100",,651,11,"3,664",227,"572,664","66,170","8,654,391 ",Europe,273,"4,409",15
50,43,Afghanistan,"31,517",+279,746 ,+13,"14,131",+197,"16,640",19,810,19,"72,318","1,858","38,918,200 ",Asia,"1,235","52,169",538
51,44,Romania,"26,970",+388,"1,651 ",+17,"19,050",+138,"6,269",205,"1,402",86,"710,112","36,913","19,237,275 ",Europe,713,"11,652",27
52,45,Bahrain,"26,239",,86 ,+2,"20,928",,"5,225",41,"15,430",51,"545,125","320,569","1,700,493 ",Asia,65,"19,773",3
53,46,Armenia,"25,542",+415,443 ,+10,"14,048",+751,"11,051",10,"8,620",149,"111,844","37,744","2,963,238 ",Asia,116,"6,689",26
54,47,Ireland,"25,473",+11,"1,736 ",+1,"23,364",,373,12,"5,159",352,"429,698","87,028","4,937,476 ",Europe,194,"2,844",11
55,48,Nigeria,"25,133",,573 ,,"9,402",,"15,158",7,122,3,"132,304",642,"206,074,234 ",Africa,"8,199","359,641","1,558"
56,49,Israel,"25,041",+600,320 ,+1,"17,318",+100,"7,403",52,"2,723",35,"978,281","106,363","9,197,590 ",Asia,367,"28,742",9
57,50,Kazakhstan,"21,819",+492,188 ,,"13,008",,"8,623",121,"1,162",10,"1,517,098","80,803","18,775,354 ",Asia,861,"99,869",12
58,51,Honduras,"18,818",+736,485 ,+6,"1,961",+86,"16,372",58,"1,900",49,"49,308","4,979","9,903,336 ",North America,526,"20,419",201
59,52,Japan,"18,476",,972 ,,"16,557",,947,43,146,8,"454,609","3,594","126,475,881 ",Asia,"6,845","130,119",278
60,53,Austria,"17,766",+43,705 ,+2,"16,478",+58,583,6,"1,973",78,"612,756","68,037","9,006,252 ",Europe,507,"12,775",15
61,54,Ghana,"17,741",+390,112 ,,"13,268",+274,"4,361",6,571,4,"294,867","9,492","31,066,005 ",Africa,"1,751","277,375",105
62,55,Azerbaijan,"17,524",+556,213 ,+7,"9,715",+346,"7,596",66,"1,728",21,"482,170","47,557","10,138,764 ",Asia,579,"47,600",21
63,56,Guatemala,"17,409",+479,746 ,+19,"3,170",+18,"13,493",5,972,42,"31,427","1,754","17,912,442 ",North America,"1,029","24,011",570
64,57,Moldova,"16,613",+256,545 ,+9,"9,382",+153,"6,686",469,"4,118",135,"63,328","15,699","4,033,952 ",Europe,243,"7,402",64
65,58,Serbia,"14,564",+276,277 ,+3,"12,662",+81,"1,625",42,"1,667",32,"401,240","45,923","8,737,302 ",Europe,600,"31,543",22
66,59,Algeria,"13,907",+336,912 ,+7,"9,897",+223,"3,098",42,317,21,,,"43,843,759 ",Africa,"3,153","48,074",
67,60,Nepal,"13,564",+316,29 ,,"3,194",+60,"10,341",,466,1.0,"526,212","18,063","29,132,006 ",Asia,"2,148","1,004,552",55
68,61,S. Korea,"12,800",+43,282 ,,"11,537",+108,981,15,250,6,"1,273,766","24,845","51,269,166 ",Asia,"4,005","181,806",40
69,62,Denmark,"12,768",+17,605 ,,"11,649",+37,514,10,"2,204",104,"1,053,453","181,875","5,792,166 ",Europe,454,"9,574",5
70,63,Cameroon,"12,592",,313 ,,"10,100",,"2,179",52,475,12,,,"26,537,372 ",Africa,"2,107","84,784",
71,64,Morocco,"12,385",+95,225 ,,"8,839",+6,"3,321",7,336,6,"672,280","18,215","36,907,949 ",Africa,"2,980","164,035",55
72,65,Czechia,"11,895",+90,349 ,+1,"7,770",+24,"3,776",12,"1,111",33,"551,001","51,452","10,708,963 ",Europe,900,"30,685",19
73,66,Sudan,"9,257",,572 ,,"4,014",,"4,671",,211,13,401,9,"43,836,957 ",Africa,"4,736","76,638","109,319"
74,67,Ivory Coast,"9,214",,66 ,,"3,996",,"5,152",,349,3,"53,938","2,045","26,369,926 ",Africa,"2,862","399,544",489
75,68,Norway,"8,879",+17,250 ,+1,"8,138",,491,2,"1,638",46,"334,553","61,713","5,421,075 ",Europe,611,"21,684",16
76,69,Malaysia,"8,639",+2,121 ,,"8,354",+20,164,4,267,4,"764,999","23,638","32,363,319 ",Asia,"3,746","267,465",42
77,70,Uzbekistan,"8,385",+163,25 ,+2,"5,569",+73,"2,791",25,251,0.7,"1,121,236","33,504","33,465,645 ",Asia,"3,991","1,338,626",30
78,71,Australia,"7,836",+69,104 ,,"7,008",,724,1,307,4,"2,433,468","95,437","25,498,156 ",Australia/Oceania,"3,254","245,175",10
79,72,Finland,"7,214",+5,328 ,,"6,600",,286,,"1,302",59,"243,100","43,875","5,540,713 ",Europe,768,"16,892",23
80,73,DRC,"7,039",+100,170 ,+3,"1,426",+376,"5,443",,79,2,,,"89,518,210 ",Africa,"12,717","526,578",
81,74,Senegal,"6,793",+95,112 ,+4,"4,431",+90,"2,250",30,406,7,"79,712","4,762","16,737,908 ",Africa,"2,464","149,446",210
82,75,El Salvador,"6,438",+265,174 ,+10,"3,770",+122,"2,494",165,993,27,"162,711","25,086","6,486,123 ",North America,"1,007","37,277",40
83,76,Kenya,"6,366",+176,148 ,+4,"2,039",+26,"4,179",18,118,3,"169,836","3,159","53,757,902 ",Africa,"8,445","363,229",317
84,77,North Macedonia,"6,334",+125,302 ,+4,"2,475",+48,"3,557",55,"3,040",145,"60,773","29,170","2,083,374 ",Europe,329,"6,899",34
85,78,Haiti,"5,933",+86,105 ,+1,839,+52,"4,989",,520,9,"11,886","1,042","11,401,674 ",North America,"1,922","108,587",959
86,79,Tajikistan,"5,900",,52 ,,"4,506",,"1,342",,619,5,,,"9,535,173 ",Asia,"1,616","183,369",
87,80,Ethiopia,"5,846",,103 ,,"2,430",,"3,313",35,51,0.9,"250,604","2,181","114,927,185 ",Africa,"19,659","1,115,798",459
88,81,Venezuela,"5,530",,48 ,,"1,649",,"3,833",9,194,2,"1,240,181","43,613","28,435,828 ",South America,"5,142","592,413",23
89,82,Gabon,"5,394",,42 ,,"2,420",,"2,932",10,"2,424",19,"37,297","16,762","2,225,096 ",Africa,413,"52,978",60
90,83,Guinea,"5,351",,31 ,,"4,296",,"1,024",24,408,2,"14,407","1,097","13,127,786 ",Africa,"2,453","423,477",911
91,84,Kyrgyzstan,"5,296",+279,57 ,+7,"2,370",+76,"2,869",30,812,9,"212,112","32,516","6,523,293 ",Asia,"1,232","114,444",31
92,85,Bulgaria,"4,831",,223 ,,"2,582",,"2,026",31,695,32,"138,130","19,880","6,948,254 ",Europe,"1,438","31,158",50
93,86,Djibouti,"4,682",+26,54 ,+1,"4,524",+91,104,,"4,739",55,"46,500","47,070","987,894 ",Africa,211,"18,294",21
94,87,Bosnia and Herzegovina,"4,453",+128,186 ,+2,"2,402",+36,"1,865",4,"1,357",57,"92,969","28,338","3,280,757 ",Europe,737,"17,638",35
95,88,Luxembourg,"4,299",+43,110 ,,"3,998",+1,191,2,"6,869",176,"185,322","296,092","625,894 ",Europe,146,"5,690",3
96,89,Mauritania,"4,237",,128 ,,"1,497",,"2,612",21,912,28,"13,842","2,978","4,647,995 ",Africa,"1,097","36,312",336
97,90,Hungary,"4,155",+10,585 ,,"2,692",+7,878,9,430,61,"274,945","28,461","9,660,320 ",Europe,"2,325","16,513",35
98,91,French Guiana,"4,004",+230,15 ,,"1,508",+156,"2,481",20,"13,410",50,"8,707","29,162","298,578 ",South America,75,"19,905",34
99,92,CAR,"3,613",,47 ,,773,,"2,793",2,748,10,"23,208","4,806","4,829,024 ",Africa,"1,337","102,745",208
100,93,Greece,"3,409",+19,192 ,+1,"1,374",,"1,843",9,327,18,"312,775","30,008","10,422,933 ",Europe,"3,057","54,286",33
101,94,Costa Rica,"3,269",,15 ,,"1,394",,"1,860",4,642,3,"38,500","7,558","5,093,905 ",North America,"1,558","339,594",132
102,95,Thailand,"3,171",+2,58  ,,"3,056",+3,57,1,45,0.8,"603,657","8,648","69,799,761 ",Asia,"22,012","1,203,444",116
103,96,Somalia,"2,904",,90 ,,910,,"1,904",2,183,6,,,"15,886,799 ",Africa,"5,471","176,520",
104,97,Croatia,"2,777",+52,107 ,,"2,155",,515,,676,26,"79,104","19,269","4,105,191 ",Europe,"1,478","38,366",52
105,98,Mayotte,"2,603",+43,35 ,+3,"2,325",,243,4,"9,544",128,"8,800","32,266","272,733 ",Africa,105,"7,792",31
106,99,Albania,"2,535",+69,62 ,+4,"1,459",+21,"1,014",11,881,22,"23,654","8,219","2,877,795 ",Europe,"1,135","46,416",122
107,100,Palestine,"2,390",+205,6 ,+1,451,+4,"1,933",,469,1,"84,621","16,592","5,099,995 ",Asia,"2,134","849,999",60
108,101,Maldives,"2,361",+24,9 ,+1,"1,944",+17,408,12,"4,369",17,"50,336","93,136","540,459 ",Asia,229,"60,051",11
109,102,Cuba,"2,341",+1,86 ,,"2,214",+3,41,1,207,8,"170,791","15,079","11,326,614 ",North America,"4,838","131,705",66
110,103,Madagascar,"2,214",+76,20 ,,994,+28,"1,200",42,80,0.7,"21,696",784,"27,681,556 ",Africa,"12,503","1,384,078","1,276"
111,104,Paraguay,"2,191",,16 ,,"1,080",,"1,095",4,307,2,"68,027","9,538","7,131,996 ",South America,"3,255","445,750",105
112,105,Mali,"2,173",,115 ,,"1,447",,611,,107,6,"12,807",633,"20,242,094 ",Africa,"9,315","176,018","1,581"
113,106,Nicaragua,"2,170",,74 ,,"1,238",,858,,328,11,,,"6,624,082 ",North America,"3,053","89,515",
114,107,Sri Lanka,"2,047",+8,11 ,,"1,711",+33,325,1,96,0.5,"105,105","4,908","21,413,062 ",Asia,"10,461","1,946,642",204
115,108,Equatorial Guinea,"2,001",,32 ,,515,,"1,454",,"1,427",23,"16,000","11,411","1,402,191 ",Africa,701,"43,818",88
116,109,Estonia,"1,989",+2,69 ,,"1,829",+11,91,1,"1,499",52,"106,785","80,499","1,326,535 ",Europe,667,"19,225",12
117,110,South Sudan,"1,989",,36 ,,246,,"1,707",1,178,3,"10,226",914,"11,192,950 ",Africa,"5,627","310,915","1,095"
118,111,Iceland,"1,842",+2,10 ,,"1,819",+1,13,,"5,398",29,"74,424","218,101","341,236 ",Europe,185,"34,124",5
119,112,Lithuania,"1,817",+1,78 ,,"1,515",+3,224,16,668,29,"422,840","155,340","2,722,035 ",Europe,"1,498","34,898",6
120,113,Lebanon,"1,778",+33,34 ,,"1,183",+13,561,6,260,5,"132,639","19,433","6,825,378 ",Asia,"3,839","200,746",51
121,114,Slovakia,"1,667",+2,28 ,,"1,464",,175,,305,5,"209,750","38,418","5,459,641 ",Europe,"3,275","194,987",26
122,115,Guinea-Bissau,"1,654",,24 ,,317,,"1,313",5,841,12,"1,500",762,"1,967,435 ",Africa,"1,190","81,976","1,312"
123,116,Slovenia,"1,600",+15,111 ,,"1,384",,105,,770,53,"101,698","48,918","2,078,938 ",Europe,"1,299","18,729",20
124,117,Zambia,"1,568",,22 ,,"1,311",,235,1,85,1,"54,663","2,975","18,376,467 ",Africa,"11,720","835,294",336
125,118,New Zealand,"1,528",,22 ,,"1,484",,22,,305,4,"397,470","79,461","5,002,100 ",Australia/Oceania,"3,274","227,368",13
126,119,Sierra Leone,"1,462",+12,60 ,,974,+13,428,,183,8,,,"7,975,295 ",Africa,"5,455","132,922",
127,120,Cabo Verde,"1,226",+61,14 ,+2,608,,604,,"2,205",25,"39,000","70,150","555,954 ",Africa,453,"39,711",14
128,121,Malawi,"1,224",+72,14 ,+1,260,,950,4,64,0.7,"13,369",699,"19,123,346 ",Africa,"15,624","1,365,953","1,430"
129,122,Hong Kong,"1,206",+2,7 ,,"1,107",+2,92,1,161,0.9,"321,498","42,885","7,496,734 ",Asia,"6,216","1,070,962",23
130,123,Benin,"1,199",+12,21 ,+2,333,+10,845,1,99,2,"56,613","4,671","12,118,896 ",Africa,"10,108","577,090",214
131,124,Tunisia,"1,174",+2,50 ,,"1,031",+2,93,,99,4,"69,527","5,883","11,817,969 ",Africa,"10,066","236,359",170
132,125,Yemen,"1,158",+30,312 ,+8,488,+56,358,,39,10,120,4,"29,818,537 ",Asia,"25,750","95,572","248,488"
133,126,Jordan,"1,132",+4,9 ,,882,+15,241,3,111,0.9,"385,638","37,798","10,202,629 ",Asia,"9,013","1,133,625",26
134,127,Latvia,"1,118",+1,30 ,,974,+42,114,1,593,16,"150,837","79,974","1,886,087 ",Europe,"1,687","62,870",13
135,128,Congo,"1,087",,37 ,,456,,594,,197,7,,,"5,516,362 ",Africa,"5,075","149,091",
136,129,Niger,"1,075",,67 ,,939,,69,,44,3,"6,495",269,"24,189,901 ",Africa,"22,502","361,043","3,724"
137,130,Rwanda,"1,001",,2 ,,443,,556,,77,0.2,"140,249","10,832","12,948,110 ",Africa,"12,935","6,474,055",92
138,131,Cyprus,998,+2,19 ,,833,,146,,827,16,"155,429","128,738","1,207,327 ",Asia,"1,210","63,544",8
139,132,Burkina Faso,962,+3,53 ,,838,+8,71,,46,3,,,"20,895,120 ",Africa,"21,720","394,248",
140,133,Uruguay,932,,27 ,,822,,83,2,268,8,"65,626","18,892","3,473,709 ",South America,"3,727","128,656",53
141,134,Georgia,928,+2,15 ,,794,+3,119,5,233,4,"106,509","26,700","3,989,160 ",Asia,"4,299","265,944",37
142,135,Mozambique,889,+6,6 ,,232,+3,651,,28,0.2,"29,516",945,"31,242,694 ",Africa,"35,144","5,207,116","1,059"
143,136,Uganda,870,, ,,808,,62,,19,,"170,789","3,736","45,717,147 ",Africa,"52,548",,268
144,137,Chad,866,,74 ,,781,,11,,53,5,,,"16,418,830 ",Africa,"18,959","221,876",
145,138,Andorra,855,,52 ,,799,,4,,"11,066",673,"3,750","48,534","77,265 ",Europe,90,"1,486",21
146,139,Eswatini,812,+17,11 ,,408,+28,393,5,700,9,"11,872","10,234","1,160,102 ",Africa,"1,429","105,464",98
147,140,Libya,802,,23 ,,206,,573,,117,3,"26,339","3,834","6,870,650 ",Africa,"8,567","298,724",261
148,141,Liberia,780,+10,36 ,,324,+12,420,,154,7,,,"5,056,243 ",Africa,"6,482","140,451",
149,142,Sao Tome and Principe,713,,13 ,,235,,465,,"3,254",59,"1,783","8,137","219,120 ",Africa,307,"16,855",123
150,143,Diamond Princess,712,,13 ,,651,,48,4,,,,, ,,,,
151,144,San Marino,698,,42 ,,656,,0,,"20,571","1,238","5,713","168,371","33,931 ",Europe,49,808,6
152,145,Jamaica,698,+2,10 ,,553,+1,135,,236,3,"24,174","8,164","2,961,139 ",North America,"4,242","296,114",122
153,146,Malta,670,,9 ,,640,+1,21,,"1,517",20,"95,131","215,452","441,541 ",Europe,659,"49,060",5
154,147,Togo,643,,14 ,,401,,228,2,78,2,"30,357","3,668","8,276,383 ",Africa,"12,872","591,170",273
155,148,Zimbabwe,574,,7 ,,152,,415,,39,0.5,"67,105","4,515","14,861,330 ",Africa,"25,891","2,123,047",221
156,149,Channel Islands,571,,47 ,,512,,12,,"3,284",270,"21,388","123,021","173,856 ",Europe,304,"3,699",8
157,150,Montenegro,548,+47,12 ,+1,315,,221,,873,19,"13,186","20,995","628,066 ",Europe,"1,146","52,339",48
158,151,Réunion,526,+4,2 ,,472,,52,4,588,2,"35,419","39,562","895,289 ",Africa,"1,702","447,645",25
159,152,Tanzania,509,,21 ,,183,,305,7,9,0.4,,,"59,709,026 ",Africa,"117,307","2,843,287",
160,153,Suriname,501,,13 ,,217,,271,4,854,22,"1,244","2,121","586,608 ",South America,"1,171","45,124",472
161,154,Taiwan,447,,7 ,,437,+2,3,,19,0.3,"76,676","3,219","23,816,736 ",Asia,"53,281","3,402,391",311
162,155,Vietnam,355,, ,,335,,20,1,4,,"275,000","2,825","97,334,632 ",Asia,"274,182",,354
163,156,Mauritius,341,,10 ,,326,,5,,268,8,"171,792","135,081","1,271,766 ",Africa,"3,730","127,177",7
164,157,Isle of Man,336,,24 ,,312,,0,,"3,951",282,"6,273","73,772","85,032 ",Europe,253,"3,543",14
165,158,Myanmar,299,,6 ,,222,+1,71,,5,0.1,"76,315","1,403","54,408,580 ",Asia,"181,968","9,068,097",713
166,159,Syria,279,+10,9 ,,105,+3,165,,16,0.5,,,"17,495,333 ",Asia,"62,707","1,943,926",
167,160,Angola,276,,11 ,,93,,172,6,8,0.3,"10,000",304,"32,849,655 ",Africa,"119,020","2,986,332","3,285"
168,161,Comoros,272,,7 ,,161,,104,,313,8,,,"869,399 ",Africa,"3,196","124,200",
169,162,Martinique,242,,14 ,,98,,130,,645,37,,,"375,265 ",North America,"1,551","26,805",
170,163,Guyana,235,,12 ,,114,,109,1,299,15,"2,552","3,245","786,543 ",South America,"3,347","65,545",308
171,164,Mongolia,220,, ,,175,,45,9,67,,"22,532","6,874","3,277,858 ",Asia,"14,899",,145
172,165,Namibia,203,+7, ,,24,,179,1,80,,"9,118","3,589","2,540,480 ",Africa,"12,515",,279
173,166,Cayman Islands,199,,1 ,,189,,9,,"3,028",15,"23,280","354,246","65,717 ",North America,330,"65,717",3
174,167,Eritrea,191,, ,,53,,138,,54,,,,"3,546,078 ",Africa,"18,566",,
175,168,Faeroe Islands,187,, ,,187,,0,,"3,827",,"13,177","269,672","48,863 ",Europe,261,,4
176,169,Guadeloupe,182,,14 ,,157,,11,2,455,35,"8,239","20,591","400,124 ",North America,"2,198","28,580",49
177,170,Gibraltar,177,, ,,176,,1,,"5,254",,"12,743","378,232","33,691 ",Europe,190,,3
178,171,Botswana,175,,1 ,,25,,149,1,74,0.4,"36,868","15,681","2,351,137 ",Africa,"13,435","2,351,137",64
179,172,Burundi,170,,1 ,,115,,54,,14,0.08,493,41,"11,885,287 ",Africa,"69,913","11,885,287","24,108"
180,173,Bermuda,146,,9 ,,135,,2,1,"2,344",145,"11,298","181,412","62,278 ",North America,427,"6,920",6
181,174,Brunei ,141,,3 ,,138,,0,,322,7,"29,111","66,546","437,459 ",Asia,"3,103","145,820",15
182,175,Cambodia,141,, ,,130,,11,1,8,,"36,104","2,160","16,717,346 ",Asia,"118,563",,463
183,176,Trinidad and Tobago,130,+4,8 ,,113,+4,9,,93,6,"5,061","3,616","1,399,481 ",North America,"10,765","174,935",277
184,177,Bahamas,104,,11 ,,87,,6,1,264,28,"2,388","6,073","393,226 ",North America,"3,781","35,748",165
185,178,Monaco,103,,4 ,,95,,4,,"2,625",102,"16,200","412,834","39,241 ",Europe,381,"9,810",2
186,179,Aruba,103,,3 ,,98,,2,,965,28,"2,412","22,592","106,765 ",North America,"1,037","35,588",44
187,180,Barbados,97,,7 ,,90,,0,1,338,24,"7,770","27,038","287,375 ",North America,"2,963","41,054",37
188,181,Liechtenstein,82,,1 ,,81,,0,,"2,151",26,900,"23,605","38,128 ",Europe,465,"38,128",42
189,182,Sint Maarten,77,,15 ,,62,,0,,"1,796",350,500,"11,662","42,873 ",North America,557,"2,858",86
190,183,Bhutan,77,+1, ,,44,,33,,100,,"24,509","31,765","771,561 ",Asia,"10,020",,31
191,184,Seychelles,77,, ,,11,,66,,783,,,,"98,345 ",Africa,"1,277",,
192,185,Antigua and Barbuda,69,,3 ,,22,,44,1,705,31,680,"6,944","97,926 ",North America,"1,419","32,642",144
193,186,French Polynesia,62,, ,,60,,2,,221,,"4,649","16,550","280,903 ",Australia/Oceania,"4,531",,60
194,187,Gambia,47,,2 ,,26,,19,,19,0.8,"3,005","1,244","2,415,677 ",Africa,"51,397","1,207,839",804
195,188,Macao,46,, ,,45,,1,,71,,,,"649,274 ",Asia,"14,115",,
196,189,Saint Martin,43,,3 ,,37,,3,1,"1,112",78,685,"17,719","38,660 ",North America,899,"12,887",56
197,190,Turks and Caicos,41,,2 ,+1,11,,28,,"1,059",52,652,"16,842","38,713 ",North America,944,"19,357",59
198,191,St. Vincent Grenadines,29,, ,,29,,0,,261,,844,"7,608","110,939 ",North America,"3,825",,131
199,192,Lesotho,27,, ,,4,,23,,13,,"3,000","1,400","2,142,182 ",Africa,"79,340",,714
200,193,Belize,24,,2 ,,18,,4,,60,5,"2,188","5,504","397,561 ",North America,"16,565","198,781",182
201,194,Timor-Leste,24,, ,,24,,0,,18,,"1,568","1,189","1,318,201 ",Asia,"54,925",,841
202,195,Curaçao,23,,1 ,,19,,3,,140,6,"1,080","6,582","164,092 ",North America,"7,134","164,092",152
203,196,Grenada,23,, ,,23,,0,,204,,"5,465","48,568","112,522 ",North America,"4,892",,21
204,197,New Caledonia,21,, ,,21,,0,,74,,"8,406","29,445","285,485 ",Australia/Oceania,"13,595",,34
205,198,Laos,19,, ,,19,,0,,3,,"15,364","2,112","7,274,785 ",Asia,"382,883",,473
206,199,Saint Lucia,19,, ,,19,,0,,103,,"1,667","9,078","183,625 ",North America,"9,664",,110
207,200,Dominica,18,, ,,18,,0,,250,,623,"8,654","71,986 ",North America,"3,999",,116
208,201,Fiji,18,, ,,18,,0,,20,,"4,000","4,462","896,422 ",Australia/Oceania,"49,801",,224
209,202,Saint Kitts and Nevis,15,, ,,15,,0,,282,,454,"8,534","53,198 ",North America,"3,547",,117
210,203,Falkland Islands,13,, ,,13,,0,,"3,738",,"1,027","295,285","3,478 ",South America,268,,3
211,204,Greenland,13,, ,,13,,0,,229,,"3,681","64,841","56,770 ",North America,"4,367",,15
212,205,Vatican City,12,, ,,12,,0,,"14,981",,,,801 ,Europe,67,,
213,206,Montserrat,11,,1 ,,10,,0,,"2,204",200,61,"12,220","4,992 ",North America,454,"4,992",82
214,207,Papua New Guinea,11,, ,,8,,3,,1,,"7,147",799,"8,945,385 ",Australia/Oceania,"813,217",,"1,252"
215,208,Western Sahara,10,,1 ,,8,,1,,17,2,,,"597,153 ",Africa,"59,715","597,153",
216,209,MS Zaandam,9,,2 ,,,,7,,,,,, ,,,,
217,210,British Virgin Islands,8,,1 ,,7,,0,,265,33,212,"7,013","30,230 ",North America,"3,779","30,230",143
218,211,Caribbean Netherlands,7,, ,,7,,0,,267,,424,"16,170","26,222 ",North America,"3,746",,62
219,212,St. Barth,6,, ,,6,,0,,607,,152,"15,389","9,877 ",North America,"1,646",,65
220,213,Anguilla,3,, ,,3,,0,,200,,272,"18,131","15,002 ",North America,"5,001",,55
221,214,Saint Pierre Miquelon,1,, ,,1,,0,,173,,,,"5,794 ",North America,"5,794",,
222,215,China,"83,531",+19,"4,634 ",,"78,469",+9,428,7,58,3,"90,410,000","62,814","1,439,323,776 ",Asia,"17,231","310,601",16
223,,Total:,"3,148,180","+23,862","167,944",+841,"1,372,527","+12,314","1,607,709","18,918",,,,,,North America, ,,
224,,Total:,"2,203,943","+17,415","84,329",+715,"1,273,593","+6,532","846,021","12,798",,,,,,South America, ,,
225,,Total:,"2,440,531","+11,297","191,479",+453,"1,370,535","+13,590","878,517","5,714",,,,,,Europe, ,,
226,,Total:,"2,296,783","+40,399","56,812","+1,082","1,507,543","+31,347","732,428","19,359",,,,,,Asia, ,,
227,,Total:,"397,857","+1,543","9,941",+27,"190,912","+1,190","197,004",920,,,,,,Africa, ,,
228,,Total:,"9,476",+69,126,,"8,599",,751,1,,,,,,Australia/Oceania, ,,
229,,Total:,721,,15,,651,,55,4,,,,,,, ,,
230,,Total:,"10,497,491","+94,585","510,646","+3,118","5,724,360","+64,973","4,262,485","57,714","1,346.7",65.5,,,,All,"
",,
