,#,"Country,Other",TotalCases,NewCases,TotalDeaths,NewDeaths,TotalRecovered,NewRecovered,ActiveCases,"Serious,Critical",Tot Cases/1M pop,Deaths/1M pop,TotalTests,"Tests/
1M pop
",Population,Continent,1 Caseevery X ppl,1 Deathevery X ppl,1 Testevery X ppl
0,,"
North America
","2,953,138","+41,320","163,624","+1,243","1,285,144",,"1,504,370","18,664",,,,,,North America,"
",,
1,,"
South America
","2,002,469","+17,284","78,383",+532,"1,143,344","+32,492","780,742","12,735",,,,,,South America,"
",,
2,,"
Europe
","2,388,327","+15,304","190,084",+591,"1,326,640","+13,597","871,603","6,073",,,,,,Europe,"
",,
3,,"
Asia
","2,117,234","+44,696","52,927",+908,"1,370,457","+29,907","693,850","19,184",,,,,,Asia,"
",,
4,,"
Africa
","354,616","+3,757","9,239",+135,"170,410","+1,658","174,967",882,,,,,,Africa,"
",,
5,,"
Oceania
","9,225",+39,126,,"8,549",+27,550,1,,,,,,Australia/Oceania,"
",,
6,,"

",721,,15,,651,,55,4,,,,,,,"
",,
7,,World,"9,825,730","+122,400","494,398","+3,409","5,305,195","+50,239","4,026,137","57,543","1,261",63.4,,,,All,"
",,
8,1,USA,"2,537,017","+32,429","127,228 ",+448,"1,056,632","+4,339","1,353,157","15,731","7,665",384,"31,176,096","94,194","330,975,810 ",North America,130,"2,601",11
9,2,Brazil,"1,244,419","+11,272","55,304 ",+250,"673,729","+23,821","515,386","8,318","5,855",260,"2,859,064","13,452","212,537,568 ",South America,171,"3,843",74
10,3,Russia,"620,794","+6,800","8,781 ",+176,"384,152","+8,988","227,861","2,300","4,254",60,"18,402,719","126,103","145,933,767 ",Europe,235,"16,619",8
11,4,India,"509,446","+18,276","15,689 ",+381,"295,917","+10,246","197,840","8,944",369,11,"7,776,228","5,636","1,379,789,304 ",Asia,"2,708","87,946",177
12,5,UK,"309,360","+1,380","43,414 ",+184,N/A,N/A,N/A,311,"4,557",640,"8,911,226","131,277","67,881,190 ",Europe,219,"1,564",8
13,6,Spain,"294,985",+419,"28,338 ",+8,N/A,N/A,N/A,617,"6,309",606,"5,162,909","110,426","46,754,577 ",Europe,158,"1,650",9
14,7,Peru,"268,602",,"8,761 ",,"156,074",,"103,767","1,144","8,148",266,"1,583,605","48,041","32,963,598 ",South America,123,"3,763",21
15,8,Chile,"263,360","+4,296","5,068 ",+165,"223,431","+4,104","34,861","2,086","13,779",265,"1,043,330","54,585","19,113,705 ",South America,73,"3,771",18
16,9,Italy,"239,961",+255,"34,708 ",+30,"187,615",+890,"17,638",105,"3,969",574,"5,215,922","86,267","60,462,730 ",Europe,252,"1,742",12
17,10,Iran,"217,724","+2,628","10,239 ",+109,"177,852","+2,749","29,633","2,912","2,593",122,"1,557,872","18,552","83,974,258 ",Asia,386,"8,201",54
18,11,Mexico,"202,951","+6,104","25,060 ",+736,"116,862",,"61,029",378,"1,574",194,"528,651","4,101","128,910,809 ",North America,635,"5,144",244
19,12,Pakistan,"195,745","+2,775","3,962 ",+59,"84,168","+2,861","107,615","2,765",887,18,"1,193,017","5,403","220,802,843 ",Asia,"1,128","55,730",185
20,13,Turkey,"194,511","+1,396","5,065 ",+19,"167,198","+1,492","22,248",963,"2,307",60,"3,186,622","37,790","84,324,246 ",Asia,434,"16,648",26
21,14,Germany,"194,256",+471,"9,026 ",+14,"177,100",+300,"8,130",364,"2,319",108,"5,412,655","64,605","83,780,597 ",Europe,431,"9,282",15
22,15,Saudi Arabia,"174,577","+3,938","1,474 ",+46,"120,471","+2,589","52,632","2,273","5,016",42,"1,479,759","42,517","34,803,660 ",Asia,199,"23,612",24
23,16,France,"162,936","+1,588","29,778 ",+26,"75,351",,"57,807",651,"2,496",456,"1,384,633","21,213","65,271,779 ",Europe,401,"2,192",47
24,17,Bangladesh,"130,474","+3,868","1,661 ",+40,"53,133","+1,638","75,680",1,792,10,"699,941","4,251","164,663,262 ",Asia,"1,262","99,135",235
25,18,South Africa,"118,375",,"2,292 ",,"59,974",,"56,109",539,"1,996",39,"1,460,012","24,623","59,295,764 ",Africa,501,"25,871",41
26,19,Canada,"102,733",+111,"8,507 ",+3,"65,651",+226,"28,575","2,077","2,722",225,"2,558,363","67,794","37,737,089 ",North America,367,"4,436",15
27,20,Qatar,"92,784",+946,109 ,+3,"76,072","+1,528","16,603",200,"33,045",39,"341,914","121,773","2,807,805 ",Asia,30,"25,760",8
28,21,Colombia,"80,599",,"2,654 ",,"33,349",,"44,596",335,"1,584",52,"670,093","13,172","50,874,063 ",South America,631,"19,169",76
29,22,Sweden,"65,137",+303,"5,280 ",+50,N/A,N/A,N/A,171,"6,450",523,"444,607","44,028","10,098,382 ",Europe,155,"1,913",23
30,23,Egypt,"62,755","+1,625","2,620 ",+87,"16,737",+399,"43,398",41,613,26,"135,000","1,320","102,294,701 ",Africa,"1,630","39,044",758
31,24,Belgium,"61,106",+99,"9,731 ",+5,"16,918",+28,"34,457",38,"5,273",840,"1,178,721","101,711","11,588,964 ",Europe,190,"1,191",10
32,25,Belarus,"60,713",+331,373 ,+6,"42,689","+1,241","17,651",89,"6,425",39,"939,524","99,427","9,449,356 ",Europe,156,"25,333",10
33,26,Ecuador,"53,856",+700,"4,406 ",+63,"26,493",+396,"22,957",288,"3,053",250,"142,715","8,091","17,638,063 ",South America,328,"4,003",124
34,27,Argentina,"52,457",,"1,167 ",+17,"18,416","+3,628","32,874",457,"1,161",26,"318,721","7,053","45,189,339 ",South America,861,"38,723",142
35,28,Indonesia,"51,427","+1,240","2,683 ",+63,"21,333",+884,"27,411",,188,10,"731,781","2,676","273,476,659 ",Asia,"5,318","101,929",374
36,29,Netherlands,"50,005",+91,"6,103 ",+3,N/A,N/A,N/A,39,"2,918",356,"577,437","33,700","17,134,417 ",Europe,343,"2,808",30
37,30,UAE,"46,973",+410,310 ,+2,"35,469",+304,"11,194",1,"4,750",31,"3,136,000","317,140","9,888,369 ",Asia,211,"31,898",3
38,31,Kuwait,"43,703",+915,341 ,+2,"33,969",+602,"9,393",162,"10,236",80,"372,284","87,198","4,269,407 ",Asia,98,"12,520",11
39,32,Singapore,"42,955",+219,26 ,,"36,825",+221,"6,104",1,"7,343",4,"684,359","116,991","5,849,659 ",Asia,136,"224,987",9
40,33,Iraq,"41,193","+2,054","1,559 ",+122,"18,859",+808,"20,775",247,"1,025",39,"500,723","12,455","40,202,198 ",Asia,976,"25,787",80
41,34,Ukraine,"41,117","+1,109","1,086 ",+19,"18,299",+541,"21,732",378,940,25,"620,624","14,190","43,735,850 ",Europe,"1,064","40,272",70
42,35,Portugal,"40,866",+451,"1,555 ",+6,"26,633",+251,"12,678",67,"4,008",152,"1,102,066","108,078","10,196,990 ",Europe,250,"6,558",9
43,36,Oman,"36,034","+1,132",153 ,+9,"19,482",+962,"16,399",105,"7,061",30,"176,953","34,673","5,103,495 ",Asia,142,"33,356",29
44,37,Philippines,"34,073","+1,004","1,224 ",+12,"9,182",+272,"23,667",137,311,11,"647,804","5,913","109,555,334 ",Asia,"3,215","89,506",169
45,38,Poland,"33,395",+276,"1,429 ",+17,"19,218",+564,"12,748",77,882,38,"1,447,130","38,236","37,847,040 ",Europe,"1,133","26,485",26
46,39,Switzerland,"31,486",+58,"1,962 ",+4,"29,000",,524,12,"3,638",227,"545,177","62,999","8,653,700 ",Europe,275,"4,411",16
47,40,Afghanistan,"30,451",+276,683 ,+8,"10,306",+132,"19,462",19,783,18,"69,558","1,788","38,908,595 ",Asia,"1,278","56,967",559
48,41,Dominican Republic,"29,764",+623,712 ,+14,"16,357",+134,"12,695",181,"2,744",66,"135,969","12,536","10,846,175 ",North America,364,"15,233",80
49,42,Panama,"29,037",,564 ,,"14,800",,"13,673",130,"6,732",131,"117,266","27,186","4,313,482 ",North America,149,"7,648",37
50,43,Bolivia,"28,503","+1,016",913 ,+37,"7,338",+543,"20,252",71,"2,442",78,"66,597","5,707","11,670,183 ",South America,409,"12,782",175
51,44,Romania,"25,697",+411,"1,579 ",+14,"18,181",+275,"5,937",186,"1,336",82,"675,382","35,105","19,238,670 ",Europe,749,"12,184",28
52,45,Ireland,"25,414",+9,"1,730 ",+3,"23,364",,320,12,"5,148",350,"415,028","84,067","4,936,874 ",Europe,194,"2,854",12
53,46,Bahrain,"24,081",,73 ,+2,"18,501",,"5,507",38,"14,167",43,"511,458","300,885","1,699,843 ",Asia,71,"23,286",3
54,47,Armenia,"23,247",+759,410 ,+13,"12,149",+814,"10,688",10,"7,845",138,"105,046","35,450","2,963,178 ",Asia,127,"7,227",28
55,48,Israel,"22,800",+400,314 ,+5,"16,872",+865,"5,614",46,"2,479",34,"920,460","100,076","9,197,590 ",Asia,403,"29,292",10
56,49,Nigeria,"22,614",,549 ,,"7,822",,"14,243",7,110,3,"122,155",593,"206,018,227 ",Africa,"9,110","375,261","1,687"
57,50,Kazakhstan,"19,750",+465,140 ,,"12,220",,"7,390",121,"1,052",7,"1,424,647","75,888","18,772,900 ",Asia,951,"134,092",13
58,51,Japan,"18,110",,968 ,,"16,320",,822,58,143,8,"435,495","3,443","126,480,094 ",Asia,"6,984","130,661",290
59,52,Austria,"17,522",+45,698 ,,"16,348",+28,476,10,"1,946",78,"590,442","65,563","9,005,691 ",Europe,514,"12,902",15
60,53,Ghana,"15,834",+361,103 ,+8,"11,755",+324,"3,976",6,510,3,"283,124","9,116","31,058,902 ",Africa,"1,962","301,543",110
61,54,Moldova,"15,776",+323,515 ,+13,"8,765",+166,"6,496",455,"3,911",128,"63,328","15,698","4,034,054 ",Europe,256,"7,833",64
62,55,Guatemala,"15,619",+800,623 ,+22,"2,949",+19,"12,047",5,872,35,"31,427","1,755","17,908,815 ",North America,"1,147","28,746",570
63,56,Azerbaijan,"15,369",+517,187  ,+7,"8,364",+305,"6,818",66,"1,516",18,"456,215","45,002","10,137,767 ",Asia,660,"54,213",22
64,57,Honduras,"15,366",+795,426 ,+9,"1,600",+54,"13,340",13,"1,552",43,"21,540","2,175","9,901,613 ",North America,644,"23,243",460
65,58,Serbia,"13,565",+193,265 ,+1,"12,232",+78,"1,068",26,"1,552",30,"374,875","42,903","8,737,685 ",Europe,644,"32,972",23
66,59,Algeria,"12,685",+240,885 ,+7,"9,066",+146,"2,734",48,289,20,,,"43,835,093 ",Africa,"3,456","49,531",
67,60,Denmark,"12,675",+39,604 ,+1,"11,508",+48,563,11,"2,188",104,"998,736","172,435","5,791,944 ",Europe,457,"9,589",6
68,61,S. Korea,"12,602",+39,282 ,,"11,172",+198,"1,148",15,246,6,"1,232,315","24,036","51,268,686 ",Asia,"4,068","181,804",42
69,62,Cameroon,"12,592",,313 ,,"10,100",,"2,179",52,475,12,,,"26,530,128 ",Africa,"2,107","84,761",
70,63,Nepal,"11,755",+593,27 ,+1,"2,698",+48,"9,030",,404,0.9,"493,020","16,927","29,126,271 ",Asia,"2,478","1,078,751",59
71,64,Morocco,"11,633",+295,218 ,+1,"8,656",+156,"2,759",7,315,6,"620,435","16,813","36,903,169 ",Africa,"3,172","169,281",59
72,65,Czechia,"10,923",+53,346 ,+1,"7,664",+15,"2,913",13,"1,020",32,"536,312","50,082","10,708,746 ",Europe,980,"30,950",20
73,66,Sudan,"9,084",+100,559 ,+3,"3,912",+106,"4,613",,207,13,401,9,"43,825,738 ",Africa,"4,824","78,400","109,291"
74,67,Norway,"8,828",+40,249 ,,"8,138",,441,4,"1,629",46,"313,162","57,772","5,420,613 ",Europe,614,"21,770",17
75,68,Malaysia,"8,606",+6,121 ,,"8,294",+23,191,2,266,4,"729,116","22,532","32,358,787 ",Asia,"3,760","267,428",44
76,69,Ivory Coast,"8,334",,60 ,,"3,487",,"4,787",,316,2,"49,352","1,872","26,362,766 ",Africa,"3,163","439,379",534
77,70,Australia,"7,595",+37,104 ,,"6,958",+27,533,1,298,4,"2,281,839","89,502","25,494,924 ",Australia/Oceania,"3,357","245,144",11
78,71,Uzbekistan,"7,427",+250,20 ,,"5,038",+161,"2,369",26,222,0.6,"1,121,236","33,509","33,460,342 ",Asia,"4,505","1,673,017",30
79,72,Finland,"7,191",+19,328 ,+1,"6,600",,263,1,"1,298",59,"237,500","42,865","5,540,620 ",Europe,770,"16,892",23
80,73,DRC,"6,552",+141,149 ,+7,900,+15,"5,503",,73,2,,,"89,488,318 ",Africa,"13,658","600,593",
81,74,Senegal,"6,354",+121,98 ,+4,"4,193",+31,"2,063",27,380,6,"75,294","4,500","16,733,069 ",Africa,"2,633","170,746",222
82,75,North Macedonia,"5,758",+163,268 ,+3,"2,206",+40,"3,284",55,"2,764",129,"56,809","27,268","2,083,375 ",Europe,362,"7,774",37
83,76,Tajikistan,"5,747",+56,52 ,,"4,331",+64,"1,364",,603,5,,,"9,532,826 ",Asia,"1,659","183,324",
84,77,Haiti,"5,543",+114,96 ,+4,512,,"4,935",,486,8,"10,825",950,"11,400,155 ",North America,"2,057","118,752","1,053"
85,78,Kenya,"5,533",+149,137 ,+5,"1,905",+48,"3,491",7,103,3,"158,404","2,947","53,744,928 ",Africa,"9,714","392,299",339
86,79,El Salvador,"5,517",+181,133 ,+7,"3,291",+175,"2,093",137,851,21,"152,729","23,548","6,485,766 ",North America,"1,176","48,765",42
87,80,Ethiopia,"5,425",+250,89 ,+8,"1,688",+144,"3,648",27,47,0.8,"237,464","2,067","114,895,969 ",Africa,"21,179","1,290,966",484
88,81,Guinea,"5,174",,29 ,,"3,861",,"1,284",24,394,2,"14,407","1,098","13,123,878 ",Africa,"2,537","452,548",911
89,82,Gabon,"5,087",,40 ,,"2,270",,"2,777",10,"2,287",18,"33,655","15,129","2,224,520 ",Africa,437,"55,613",66
90,83,Djibouti,"4,643",+8,52 ,,"4,348",+79,243,,"4,701",53,"45,998","46,569","987,737 ",Africa,213,"18,995",21
91,84,Venezuela,"4,563",,39 ,,"1,327",,"3,197",9,160,1,"1,176,146","41,360","28,436,705 ",South America,"6,232","729,146",24
92,85,Bulgaria,"4,408",,211 ,,"2,370",,"1,827",16,634,30,"128,293","18,463","6,948,822 ",Europe,"1,576","32,933",54
93,86,Kyrgyzstan,"4,204",+250,43 ,,"2,162",+50,"1,999",30,645,7,"199,853","30,642","6,522,115 ",Asia,"1,551","151,677",33
94,87,Luxembourg,"4,173",+22,110 ,,"3,968",,95,1,"6,668",176,"168,786","269,720","625,782 ",Europe,150,"5,689",4
95,88,Hungary,"4,127",+4,578 ,+1,"2,663",+23,886,13,427,60,"267,056","27,644","9,660,587 ",Europe,"2,341","16,714",36
96,89,Bosnia and Herzegovina,"3,935",+139,178 ,+3,"2,338",+16,"1,419",4,"1,199",54,"88,548","26,988","3,280,979 ",Europe,834,"18,432",37
97,90,Mauritania,"3,907",+168,120 ,+1,"1,280",+55,"2,507",21,841,26,"13,842","2,979","4,646,655 ",Africa,"1,189","38,722",336
98,91,Greece,"3,343",+22,191 ,,"1,374",,"1,778",11,321,18,"295,851","28,383","10,423,486 ",Europe,"3,118","54,573",35
99,92,CAR,"3,244",,40 ,,607,,"2,597",2,672,8,"22,267","4,612","4,828,105 ",Africa,"1,488","120,703",217
100,93,Thailand,"3,162",+4,58 ,,"3,040",+2,64,1,45,0.8,"468,175","6,708","69,797,852 ",Asia,"22,074","1,203,411",149
101,94,French Guiana,"3,033",,10 ,,"1,096",,"1,927",15,"10,161",34,"8,061","27,006","298,493 ",South America,98,"29,849",37
102,95,Somalia,"2,878",,90 ,,868,,"1,920",2,181,6,,,"15,881,934 ",Africa,"5,518","176,466",
103,96,Costa Rica,"2,836",+152,12 ,,"1,280",+53,"1,544",6,557,2,"38,500","7,559","5,093,397 ",North America,"1,796","424,450",132
104,97,Croatia,"2,539",+56,107 ,,"2,150",+1,282,,618,26,"75,437","18,375","4,105,466 ",Europe,"1,617","38,369",54
105,98,Mayotte,"2,508",,32 ,,"2,218",,258,8,"9,198",117,"8,800","32,275","272,661 ",Africa,109,"8,521",31
106,99,Cuba,"2,325",+4,85 ,,"2,180",+9,60,1,205,8,"159,571","14,088","11,326,689 ",North America,"4,872","133,255",71
107,100,Maldives,"2,277",,8 ,,"1,848",,421,9,"4,214",15,"46,182","85,466","540,354 ",Asia,237,"67,544",12
108,101,Albania,"2,269",+77,51 ,+2,"1,298",+48,920,15,788,18,"22,183","7,708","2,877,830 ",Europe,"1,268","56,428",130
109,102,Nicaragua,"2,170",,74 ,,"1,238",,858,,328,11,,,"6,623,221 ",North America,"3,052","89,503",
110,103,Mali,"2,060",+21,113 ,,"1,387",+4,560,,102,6,"12,807",633,"20,235,694 ",Africa,"9,823","179,077","1,580"
111,104,Sri Lanka,"2,014",+4,11 ,,"1,619",+17,384,1,94,0.5,"101,226","4,728","21,412,083 ",Asia,"10,632","1,946,553",212
112,105,Equatorial Guinea,"2,001",,32 ,,515,,"1,454",,"1,428",23,"16,000","11,415","1,401,685 ",Africa,700,"43,803",88
113,106,Estonia,"1,986",+2,69 ,,"1,797",+7,120,1,"1,497",52,"104,299","78,626","1,326,525 ",Europe,668,"19,225",13
114,107,South Sudan,"1,942",,36 ,,224,,"1,682",1,174,3,"10,226",914,"11,191,517 ",Africa,"5,763","310,875","1,094"
115,108,Madagascar,"1,922",+93,16 ,,862,+39,"1,044",20,69,0.6,"20,066",725,"27,673,751 ",Africa,"14,398","1,729,609","1,379"
116,109,Iceland,"1,832",+2,10 ,,"1,813",+2,9,,"5,369",29,"73,148","214,377","341,212 ",Europe,186,"34,121",5
117,110,Lithuania,"1,808",+2,78 ,,"1,501",+7,229,16,664,29,"410,867","150,918","2,722,447 ",Europe,"1,506","34,903",7
118,111,Lebanon,"1,697",+35,33 ,,"1,144",,520,6,249,5,"125,058","18,322","6,825,711 ",Asia,"4,022","206,840",55
119,112,Slovakia,"1,643",+13,28 ,,"1,455",+3,160,,301,5,"206,362","37,798","5,459,613 ",Europe,"3,323","194,986",26
120,113,Paraguay,"1,569",,13 ,,976,,580,2,220,2,"62,384","8,748","7,131,038 ",South America,"4,545","548,541",114
121,114,Slovenia,"1,558",+11,109 ,,"1,376",,73,2,749,52,"98,810","47,529","2,078,935 ",Europe,"1,334","19,073",21
122,115,Palestine,"1,557",+175,3 ,,446,,"1,108",,305,0.6,"84,621","16,597","5,098,696 ",Asia,"3,275","1,699,565",60
123,116,Guinea-Bissau,"1,556",,19 ,,191,,"1,346",5,791,10,"1,500",763,"1,966,925 ",Africa,"1,264","103,522","1,311"
124,117,New Zealand,"1,520",+1,22 ,,"1,484",,14,,304,4,"378,257","75,620","5,002,100 ",Australia/Oceania,"3,291","227,368",13
125,118,Zambia,"1,497",,18 ,,"1,223",,256,1,81,1.0,"52,195","2,841","18,370,818 ",Africa,"12,272","1,020,601",352
126,119,Sierra Leone,"1,394",+40,59 ,+3,914,+45,421,,175,7,,,"7,973,519 ",Africa,"5,720","135,144",
127,120,Hong Kong,"1,197",+3,7 ,,"1,091",+3,99,1,160,0.9,"321,498","42,889","7,496,070 ",Asia,"6,262","1,070,867",23
128,121,Tunisia,"1,164",+2,50 ,,"1,023",,91,,99,4,"68,542","5,800","11,816,618 ",Africa,"10,152","236,332",172
129,122,Latvia,"1,112",+1,30 ,,932,+29,150,1,590,16,"145,086","76,915","1,886,313 ",Europe,"1,696","62,877",13
130,123,Jordan,"1,104",+18,9 ,,830,+33,265,3,108,0.9,"362,326","35,517","10,201,523 ",Asia,"9,241","1,133,503",28
131,124,Yemen,"1,089",+13,293 ,+5,402,+16,394,,37,10,120,4,"29,811,341 ",Asia,"27,375","101,745","248,428"
132,125,Congo,"1,087",,37 ,,456,,594,,197,7,,,"5,514,873 ",Africa,"5,073","149,051",
133,126,Niger,"1,059",+3,67 ,,919,+2,73,,44,3,"6,449",267,"24,180,266 ",Africa,"22,833","360,899","3,749"
134,127,Benin,"1,053",+36,14 ,,292,+4,747,2,87,1,"55,478","4,579","12,115,414 ",Africa,"11,506","865,387",218
135,128,Cabo Verde,"1,027",+24,9 ,+1,562,,456,,"1,847",16,"1,560","2,806","555,888 ",Africa,541,"61,765",356
136,129,Cyprus,992,,19 ,,824,,149,,822,16,"150,871","124,973","1,207,231 ",Asia,"1,217","63,538",8
137,130,Malawi,960,,12 ,,260,,688,4,50,0.6,"11,536",603,"19,117,926 ",Africa,"19,915","1,593,161","1,657"
138,131,Burkina Faso,941,+7,53 ,,830,+4,58,,45,3,,,"20,888,832 ",Africa,"22,199","394,129",
139,132,Georgia,919,+2,14 ,,780,+4,125,5,230,4,"98,486","24,688","3,989,243 ",Asia,"4,341","284,946",41
140,133,Uruguay,907,,26 ,,818,,63,2,261,7,"61,608","17,736","3,473,578 ",South America,"3,830","133,599",56
141,134,Chad,865,+2,74 ,,778,+4,13,,53,5,,,"16,413,658 ",Africa,"18,975","221,806",
142,135,Rwanda,858,+8,2 ,,398,+13,458,,66,0.2,"130,047","10,046","12,944,591 ",Africa,"15,087","6,472,296",100
143,136,Andorra,855,,52 ,,797,,6,1,"11,066",673,"3,750","48,535","77,264 ",Europe,90,"1,486",21
144,137,Uganda,833,+12, ,,761,+30,72,,18,,"170,789","3,737","45,701,284 ",Africa,"54,863",,268
145,138,Mozambique,816,+28,5 ,,223,+2,588,,26,0.2,"27,123",868,"31,233,086 ",Africa,"38,276","6,246,617","1,152"
146,139,Diamond Princess,712,,13 ,,651,,48,4,,,,, ,,,,
147,140,Sao Tome and Principe,711,,13 ,,214,,484,,"3,245",59,"1,753","8,002","219,076 ",Africa,308,"16,852",125
148,141,Eswatini,706,,8 ,,347,,351,5,609,7,"6,551","5,648","1,159,970 ",Africa,"1,643","144,996",177
149,142,San Marino,698,,42 ,,656,+3,0,,"20,572","1,238","5,669","167,079","33,930 ",Europe,49,808,6
150,143,Libya,698,,18 ,,140,,540,,102,3,"23,075","3,359","6,869,629 ",Africa,"9,842","381,646",298
151,144,Liberia,684,+3,34 ,,285,+7,365,,135,7,,,"5,054,940 ",Africa,"7,390","148,675",
152,145,Jamaica,684,+6,10 ,,526,+5,148,,231,3,"22,712","7,670","2,960,998 ",North America,"4,329","296,100",130
153,146,Malta,670,+2,9 ,,632,+5,29,,"1,517",20,"92,517","209,538","441,529 ",Europe,659,"49,059",5
154,147,Togo,588,,14 ,,394,,180,2,71,2,"28,911","3,494","8,274,257 ",Africa,"14,072","591,018",286
155,148,Channel Islands,571,,47 ,,512,,12,,"3,285",270,"10,255","58,992","173,838 ",Europe,304,"3,699",17
156,149,Zimbabwe,551,,6 ,,128,,417,,37,0.4,"65,111","4,382","14,858,964 ",Africa,"26,967","2,476,494",228
157,150,Réunion,516,,2 ,,460,,54,4,576,2,"17,200","19,213","895,220 ",Africa,"1,735","447,610",52
158,151,Tanzania,509,,21 ,,183,,305,7,9,0.4,,,"59,690,357 ",Africa,"117,270","2,842,398",
159,152,Taiwan,447,,7 ,,435,,5,,19,0.3,"76,032","3,192","23,816,267 ",Asia,"53,280","3,402,324",313
160,153,Montenegro,439,+25,9 ,,315,,115,,699,14,"13,186","20,995","628,065 ",Europe,"1,431","69,785",48
161,154,Suriname,373,,10 ,,176,,187,7,636,17,"1,165","1,986","586,551 ",South America,"1,573","58,655",503
162,155,Vietnam,353,+1, ,,330,+1,23,1,4,,"275,000","2,826","97,325,070 ",Asia,"275,708",,354
163,156,Mauritius,341,,10 ,,326,,5,,268,8,"171,792","135,084","1,271,743 ",Africa,"3,729","127,174",7
164,157,Isle of Man,336,,24 ,,312,,0,,"3,952",282,"6,158","72,424","85,027 ",Europe,253,"3,543",14
165,158,Myanmar,293,,6 ,,215,+4,72,,5,0.1,"68,404","1,257","54,404,601 ",Asia,"185,681","9,067,434",795
166,159,Comoros,272,,7 ,,161,,104,,313,8,,,"869,196 ",Africa,"3,196","124,171",
167,160,Syria,254,+12,7 ,,96,,151,,15,0.4,,,"17,490,673 ",Asia,"68,861","2,498,668",
168,161,Martinique,236,,14 ,,98,,124,,629,37,,,"375,268 ",North America,"1,590","26,805",
169,162,Mongolia,219,+3, ,,170,+1,49,6,67,,"21,479","6,554","3,277,281 ",Asia,"14,965",,153
170,163,Guyana,215,,12 ,,108,,95,1,273,15,"2,355","2,994","786,502 ",South America,"3,658","65,542",334
171,164,Angola,212,,10 ,,81,,121,1,6,0.3,"10,000",305,"32,838,429 ",Africa,"154,898","3,283,843","3,284"
172,165,Cayman Islands,196,,1 ,,184,,11,,"2,983",15,"22,266","338,858","65,709 ",North America,335,"65,709",3
173,166,Faeroe Islands,187,, ,,187,,0,,"3,827",,"12,750","260,944","48,861 ",Europe,261,,4
174,167,Gibraltar,176,, ,,176,,0,,"5,224",,"11,864","352,142","33,691 ",Europe,191,,3
175,168,Guadeloupe,174,,14 ,,157,,3,,435,35,"6,900","17,245","400,123 ",North America,"2,300","28,580",58
176,169,Bermuda,146,,9 ,,133,,4,1,"2,344",145,"10,634","170,745","62,280 ",North America,427,"6,920",6
177,170,Burundi,144,,1 ,,93,,50,,12,0.08,382,32,"11,881,400 ",Africa,"82,510","11,881,400","31,103"
178,171,Eritrea,144,, ,,39,,105,,41,,,,"3,545,541 ",Africa,"24,622",,
179,172,Brunei ,141,,3 ,,138,,0,,322,7,"28,395","64,916","437,413 ",Asia,"3,102","145,804",15
180,173,Cambodia,130,, ,,127,,3,1,8,,"33,812","2,023","16,714,817 ",Asia,"128,576",,494
181,174,Trinidad and Tobago,123,,8 ,,109,,6,,88,6,"4,843","3,461","1,399,431 ",North America,"11,377","174,929",289
182,175,Namibia,121,+19, ,,22,+1,99,1,48,,"8,180","3,221","2,539,977 ",Africa,"20,992",,311
183,176,Bahamas,104,,11 ,,84,,9,1,265,28,"2,366","6,018","393,185 ",North America,"3,781","35,744",166
184,177,Monaco,102,,4 ,,95,,3,,"2,600",102,"16,200","412,865","39,238 ",Europe,385,"9,810",2
185,178,Aruba,101,,3 ,,98,,0,,946,28,"2,284","21,394","106,760 ",North America,"1,057","35,587",47
186,179,Barbados,97,,7 ,,85,,5,1,338,24,"7,530","26,203","287,371 ",North America,"2,963","41,053",38
187,180,Botswana,92,,1 ,,25,,66,1,39,0.4,"36,868","15,684","2,350,617 ",Africa,"25,550","2,350,617",64
188,181,Liechtenstein,82,,1 ,,81,,0,,"2,151",26,900,"23,605","38,127 ",Europe,465,"38,127",42
189,182,Sint Maarten,77,,15 ,,62,,0,,"1,796",350,477,"11,127","42,868 ",North America,557,"2,858",90
190,183,Bhutan,70,, ,,38,+4,32,,91,,"23,988","31,094","771,468 ",Asia,"11,021",,32
191,184,Antigua and Barbuda,65,,3 ,,22,,40,1,664,31,680,"6,945","97,917 ",North America,"1,506","32,639",144
192,185,French Polynesia,60,, ,,60,,0,,214,,"4,649","16,551","280,886 ",Australia/Oceania,"4,681",,60
193,186,Macao,46,+1, ,,45,,1,,71,,,,"649,177 ",Asia,"14,113",,
194,187,Gambia,43,+1,2 ,,26,,15,,18,0.8,"2,035",843,"2,414,932 ",Africa,"56,161","1,207,466","1,187"
195,188,Saint Martin,42,,3 ,,36,,3,1,"1,087",78,685,"17,722","38,653 ",North America,920,"12,884",56
196,189,St. Vincent Grenadines,29,, ,,29,,0,,261,,784,"7,067","110,936 ",North America,"3,825",,142
197,190,Timor-Leste,24,, ,,24,,0,,18,,"1,568","1,190","1,317,926 ",Asia,"54,914",,841
198,191,Belize,23,,2 ,,17,,4,,58,5,"2,043","5,140","397,482 ",North America,"17,282","198,741",195
199,192,Curaçao,23,,1 ,,19,,3,,140,6,"1,080","6,582","164,084 ",North America,"7,134","164,084",152
200,193,Grenada,23,, ,,23,,0,,204,,"4,130","36,706","112,516 ",North America,"4,892",,27
201,194,New Caledonia,21,, ,,21,,0,,74,,"8,260","28,936","285,455 ",Australia/Oceania,"13,593",,35
202,195,Laos,19,, ,,19,,0,,3,,"14,161","1,947","7,273,630 ",Asia,"382,823",,514
203,196,Saint Lucia,19,, ,,19,,0,,103,,"1,619","8,817","183,616 ",North America,"9,664",,113
204,197,Dominica,18,, ,,18,,0,,250,,623,"8,655","71,984 ",North America,"3,999",,116
205,198,Fiji,18,, ,,18,,0,,20,,"4,000","4,463","896,351 ",Australia/Oceania,"49,797",,224
206,199,Lesotho,17,, ,,2,,15,,8,,"3,000","1,401","2,141,996 ",Africa,"126,000",,714
207,200,Turks and Caicos,16,+1,1 ,,11,,4,,413,26,444,"11,470","38,708 ",North America,"2,419","38,708",87
208,201,Saint Kitts and Nevis,15,, ,,15,,0,,282,,447,"8,403","53,194 ",North America,"3,546",,119
209,202,Falkland Islands,13,, ,,13,,0,,"3,739",,"1,027","295,370","3,477 ",South America,267,,3
210,203,Greenland,13,, ,,13,,0,,229,,"3,341","58,853","56,769 ",North America,"4,367",,17
211,204,Vatican City,12,, ,,12,,0,,"14,981",,,,801 ,Europe,67,,
212,205,Montserrat,11,,1 ,,10,,0,,"2,204",200,61,"12,220","4,992 ",North America,454,"4,992",82
213,206,Papua New Guinea,11,+1, ,,8,,3,,1,,"5,637",630,"8,943,530 ",Australia/Oceania,"813,048",,"1,587"
214,207,Seychelles,11,, ,,11,,0,,112,,,,"98,338 ",Africa,"8,940",,
215,208,Western Sahara,10,,1 ,,8,,1,,17,2,,,"596,992 ",Africa,"59,699","596,992",
216,209,MS Zaandam,9,,2 ,,,,7,,,,,, ,,,,
217,210,British Virgin Islands,8,,1 ,,7,,0,,265,33,212,"7,013","30,228 ",North America,"3,779","30,228",143
218,211,Caribbean Netherlands,7,, ,,7,,0,,267,,424,"16,171","26,219 ",North America,"3,746",,62
219,212,St. Barth,6,, ,,6,,0,,607,,152,"15,389","9,877 ",North America,"1,646",,65
220,213,Anguilla,3,, ,,3,,0,,200,,180,"11,999","15,001 ",North America,"5,000",,83
221,214,Saint Pierre Miquelon,1,, ,,1,,0,,173,,,,"5,794 ",North America,"5,794",,
222,215,China,"83,462",+13,"4,634 ",,"78,439",+6,389,8,58,3,"90,410,000","62,814","1,439,323,776 ",Asia,"17,245","310,601",16
223,,Total:,"2,953,138","+41,320","163,624","+1,243","1,285,144","+-27,442","1,504,370","18,664",,,,,,North America, ,,
224,,Total:,"2,002,469","+17,284","78,383",+532,"1,143,344","+32,492","780,742","12,735",,,,,,South America, ,,
225,,Total:,"2,388,327","+15,304","190,084",+591,"1,326,640","+13,597","871,603","6,073",,,,,,Europe, ,,
226,,Total:,"2,117,234","+44,696","52,927",+908,"1,370,457","+29,907","693,850","19,184",,,,,,Asia, ,,
227,,Total:,"354,616","+3,757","9,239",+135,"170,410","+1,658","174,967",882,,,,,,Africa, ,,
228,,Total:,"9,225",+39,126,,"8,549",,550,1,,,,,,Australia/Oceania, ,,
229,,Total:,721,,15,,651,,55,4,,,,,,, ,,
230,,Total:,"9,825,730","+122,400","494,398","+3,409","5,305,195","+50,239","4,026,137","57,543","1,260.5",63.4,,,,All,"
",,
