,#,"Country,Other",TotalCases,NewCases,TotalDeaths,NewDeaths,TotalRecovered,NewRecovered,ActiveCases,"Serious,Critical",Tot Cases/1M pop,Deaths/1M pop,TotalTests,"Tests/
1M pop
",Population,Continent,1 Caseevery X ppl,1 Deathevery X ppl,1 Testevery X ppl
0,,"
North America
","7,461,442","+6,777","275,329",+673,"4,349,171","+5,540","2,836,942","19,321",,,,,,North America,"
",,
1,,"
South America
","6,469,894",+661,"206,764",+102,"5,103,433","+1,950","1,159,697","15,272",,,,,,South America,"
",,
2,,"
Asia
","7,317,923","+20,426","146,067",+415,"5,872,863","+17,126","1,298,993","18,868",,,,,,Asia,"
",,
3,,"
Europe
","3,658,172","+11,770","208,809",+242,"2,108,404","+9,188","1,340,959","5,807",,,,,,Europe,"
",,
4,,"
Africa
","1,274,007",+794,"30,375",+5,"1,011,307",+243,"232,325","1,276",,,,,,Africa,"
",,
5,,"
Oceania
","28,953",+128,707,+15,"24,148",+238,"4,098",38,,,,,,Australia/Oceania,"
",,
6,,"

",721,,15,,651,,55,4,,,,,,,"
",,
7,,World,"26,211,112","+40,556","868,066","+1,452","18,469,977","+34,285","6,873,069","60,586","3,363",111.4,,,,All,"
",,
8,1,USA,"6,291,541",+804,"190,014 ",+50,"3,547,926",+894,"2,553,601","15,101","18,988",573,"84,100,824","253,820","331,341,050 ",North America,53,"1,744",4
9,2,Brazil,"4,001,422",,"123,899 ",,"3,210,405",,"667,118","8,318","18,802",582,"14,352,484","67,439","212,821,986 ",South America,53,"1,718",15
10,3,India,"3,853,406","+4,438","67,486 ",,"2,970,492","+3,096","815,428","8,944","2,788",49,"45,509,380","32,922","1,382,345,085 ",Asia,359,"20,483",30
11,4,Russia,"1,009,995","+4,995","17,528 ",+114,"826,935","+5,766","165,532","2,300","6,920",120,"37,484,146","256,837","145,945,524 ",Europe,145,"8,326",4
12,5,Peru,"663,437",,"29,259 ",,"480,177",,"154,001","1,500","20,074",885,"3,256,711","98,538","33,050,211 ",South America,50,"1,130",10
13,6,Colombia,"633,339",,"20,348 ",,"479,568",,"133,423","1,493","12,424",399,"2,810,137","55,126","50,976,248 ",South America,80,"2,505",18
14,7,South Africa,"630,595",,"14,389 ",,"553,456",,"62,750",539,"10,610",242,"3,726,721","62,701","59,436,725 ",Africa,94,"4,131",16
15,8,Mexico,"610,957","+4,921","65,816 ",+575,"424,990","+3,617","120,151","3,191","4,730",510,"1,376,170","10,654","129,166,028 ",North America,211,"1,963",94
16,9,Spain,"479,554",,"29,194 ",,N/A,N/A,N/A,874,"10,256",624,"9,210,337","196,979","46,757,980 ",Europe,98,"1,602",5
17,10,Argentina,"439,172",,"9,118 ",,"315,530",,"114,524","2,359","9,702",201,"1,300,866","28,737","45,267,449 ",South America,103,"4,965",35
18,11,Chile,"414,739",,"11,344 ",,"387,683",,"15,712",947,"21,663",593,"2,481,508","129,619","19,144,605 ",South America,46,"1,688",8
19,12,Iran,"380,746","+1,994","21,926 ",+129,"328,595","+1,794","30,225","3,702","4,523",260,"3,307,383","39,291","84,176,929 ",Asia,221,"3,839",25
20,13,UK,"338,676",,"41,514 ",,N/A,N/A,N/A,60,"4,984",611,"16,273,209","239,494","67,948,282 ",Europe,201,"1,637",4
21,14,Bangladesh,"319,686","+2,158","4,383 ",+32,"213,980","+2,964","101,323",,"1,938",27,"1,592,038","9,650","164,972,348 ",Asia,516,"37,639",104
22,15,Saudi Arabia,"317,486",,"3,956 ",,"292,510",,"21,020","1,523","9,095",113,"5,026,127","143,991","34,905,942 ",Asia,110,"8,824",7
23,16,Pakistan,"297,014",+424,"6,328 ",+10,"281,925",+466,"8,761",585,"1,340",29,"2,684,252","12,112","221,612,785 ",Asia,746,"35,021",83
24,17,France,"293,024",,"30,686 ",,"86,963",,"175,375",446,"4,487",470,"7,500,000","114,856","65,298,930 ",Europe,223,"2,128",9
25,18,Turkey,"273,301",,"6,462 ",,"246,876",,"19,963","1,017","3,235",76,"7,355,862","87,057","84,495,243 ",Asia,309,"13,076",11
26,19,Italy,"271,515",,"35,497 ",,"208,201",,"27,817",109,"4,492",587,"8,828,868","146,062","60,446,035 ",Europe,223,"1,703",7
27,20,Germany,"247,436",+45,"9,393 ",,"223,100",,"14,943",228,"2,952",112,"12,383,035","147,714","83,830,972 ",Europe,339,"8,925",7
28,21,Iraq,"242,284",,"7,201 ",,"184,205",,"50,878",527,"6,001",178,"1,647,454","40,806","40,372,771 ",Asia,167,"5,607",25
29,22,Philippines,"228,403","+1,987","3,688 ",+65,"159,475",+880,"65,240",837,"2,080",34,"2,666,941","24,282","109,830,324 ",Asia,481,"29,780",41
30,23,Indonesia,"184,268","+3,622","7,750 ",+134,"132,055","+2,084","44,463",,672,28,"2,338,865","8,535","274,021,604 ",Asia,"1,487","35,358",117
31,24,Canada,"129,923",,"9,135 ",,"115,050",,"5,738",52,"3,437",242,"5,590,068","147,888","37,799,407 ",North America,291,"4,138",7
32,25,Ukraine,"128,228","+2,430","2,710 ",+54,"59,676",+859,"65,842",177,"2,935",62,"1,621,697","37,121","43,686,577 ",Europe,341,"16,121",27
33,26,Israel,"122,779","+1,315",976 ,+7,"97,885",+651,"23,918",426,"13,349",106,"2,354,222","255,961","9,197,590 ",Asia,75,"9,424",4
34,27,Qatar,"119,206",,199 ,,"116,111",,"2,896",60,"42,455",71,"639,742","227,844","2,807,805 ",Asia,24,"14,110",4
35,28,Bolivia,"117,928",+661,"5,203 ",+102,"64,074","+1,950","48,651",71,"10,079",445,"246,032","21,028","11,700,207 ",South America,99,"2,249",48
36,29,Ecuador,"115,457",,"6,619 ",,"101,867",,"6,971",363,"6,527",374,"334,945","18,936","17,688,599 ",South America,153,"2,672",53
37,30,Kazakhstan,"106,032",+88,"1,588 ",,"97,967",+596,"6,477",221,"5,635",84,"2,434,444","129,387","18,815,231 ",Asia,177,"11,848",8
38,31,Egypt,"99,280",,"5,461 ",,"74,626",,"19,193",41,967,53,"135,000","1,315","102,659,126 ",Africa,"1,034","18,799",760
39,32,Dominican Republic,"95,627",,"1,765 ",,"69,519",,"24,343",217,"8,800",162,"376,121","34,612","10,866,667 ",North America,114,"6,157",29
40,33,Panama,"94,084",,"2,030 ",,"67,487",,"24,567",168,"21,747",469,"347,147","80,241","4,326,296 ",North America,46,"2,131",12
41,34,Romania,"91,256","+1,365","3,765 ",+44,"39,275",+574,"48,216",503,"4,749",196,"1,876,063","97,637","19,214,608 ",Europe,211,"5,103",10
42,35,Kuwait,"87,378",+900,536 ,+1,"78,791",+582,"8,051",93,"20,409",125,"631,482","147,497","4,281,320 ",Asia,49,"7,988",7
43,36,Oman,"86,380",+256,705 ,+16,"81,828",+804,"3,847",144,"16,845",137,"309,212","60,298","5,128,058 ",Asia,59,"7,274",17
44,37,Belgium,"85,911",+424,"9,898 ",+1,"18,490",+33,"57,523",60,"7,407",853,"2,336,975","201,490","11,598,451 ",Europe,135,"1,172",5
45,38,Sweden,"84,532",,"5,820 ",,N/A,N/A,N/A,14,"8,361",576,"1,094,856","108,292","10,110,233 ",Europe,120,"1,737",9
46,39,Guatemala,"75,644",,"2,790 ",,"63,688",,"9,166",5,"4,209",155,"249,569","13,887","17,971,382 ",North America,238,"6,441",72
47,40,Belarus,"72,302",+161,696 ,+5,"71,205",+305,401,,"7,652",74,"1,554,129","164,479","9,448,772 ",Europe,131,"13,576",6
48,41,UAE,"72,154",+614,387 ,,"62,668",+639,"9,099",,"7,280",39,"7,324,874","739,073","9,910,892 ",Asia,137,"25,610",1
49,42,Netherlands,"71,863",,"6,235 ",,N/A,N/A,N/A,32,"4,192",364,"1,455,274","84,897","17,141,544 ",Europe,239,"2,749",12
50,43,Poland,"69,129",+612,"2,092 ",+14,"48,593",+728,"18,444",81,"1,827",55,"2,777,601","73,405","37,839,255 ",Europe,547,"18,088",14
51,44,Japan,"69,001",,"1,307 ",,"58,428",,"9,266",225,546,10,"1,510,462","11,949","126,407,422 ",Asia,"1,832","96,716",84
52,45,Morocco,"65,453",,"1,216 ",,"50,357",,"13,880",31,"1,770",33,"1,978,840","53,503","36,985,624 ",Africa,565,"30,416",19
53,46,Honduras,"62,526",+757,"1,924 ",+36,"11,147",+717,"49,455",39,"6,296",194,"148,824","14,985","9,931,333 ",North America,159,"5,162",67
54,47,Portugal,"58,633",,"1,827 ",,"42,233",,"14,573",41,"5,753",179,"2,058,544","201,988","10,191,409 ",Europe,174,"5,578",5
55,48,Singapore,"56,908",+48,27 ,,"55,891",,990,,"9,714",5,"2,068,284","353,051","5,858,322 ",Asia,103,"216,975",3
56,49,Nigeria,"54,463",,"1,027 ",,"42,439",,"10,997",7,263,5,"411,077","1,986","206,984,347 ",Africa,"3,800","201,543",504
57,50,Ethiopia,"54,409",,846 ,,"19,903",,"33,660",344,471,7,"949,813","8,228","115,434,444 ",Africa,"2,122","136,447",122
58,51,Bahrain,"52,807",,190 ,,"49,645",,"2,972",34,"30,862",111,"1,128,829","659,726","1,711,057 ",Asia,32,"9,006",2
59,52,Venezuela,"48,883",,398 ,,"39,912",,"8,573",101,"1,720",14,"1,780,734","62,654","28,421,581 ",South America,581,"71,411",16
60,53,Algeria,"45,158",,"1,523 ",,"31,746",,"11,889",29,"1,027",35,,,"43,984,569 ",Africa,974,"28,880",
61,54,Ghana,"44,658",,276 ,,"43,478",,904,6,"1,432",9,"445,653","14,292","31,181,428 ",Africa,698,"112,976",70
62,55,Armenia,"44,271",+196,887 ,+3,"38,855",+224,"4,529",,"14,935",299,"211,281","71,277","2,964,219 ",Asia,67,"3,342",14
63,56,Kyrgyzstan,"44,135",+99,"1,059 ",,"39,174",+279,"3,902",24,"6,746",162,"267,718","40,920","6,542,426 ",Asia,148,"6,178",24
64,57,Costa Rica,"43,305",,453 ,,"16,512",,"26,340",154,"8,488",89,"153,884","30,161","5,102,158 ",North America,118,"11,263",33
65,58,Switzerland,"43,127",+364,"2,012 ",+1,"36,500",,"4,615",12,"4,977",232,"1,054,652","121,705","8,665,615 ",Europe,201,"4,307",8
66,59,Nepal,"42,877","+1,228",257  ,+6,"24,207",+917,"18,413",,"1,467",9,"731,852","25,042","29,225,196 ",Asia,682,"113,717",40
67,60,Uzbekistan,"42,540",+103,329 ,+2,"39,883",+219,"2,328",147,"1,268",10,"1,377,915","41,068","33,551,824 ",Asia,789,"101,981",24
68,61,Afghanistan,"38,288",+45,"1,409 ",,"29,390",+75,"7,489",52,980,36,"103,674","2,653","39,074,280 ",Asia,"1,021","27,732",377
69,62,Moldova,"37,740",,"1,024 ",,"26,189",,"10,527",575,"9,359",254,"207,925","51,565","4,032,294 ",Europe,107,"3,938",19
70,63,Azerbaijan,"36,732",,538 ,,"34,116",,"2,078",,"3,617",53,"935,396","92,112","10,154,978 ",Asia,276,"18,875",11
71,64,Kenya,"34,493",,581 ,,"20,211",,"13,701",44,639,11,"456,088","8,451","53,968,739 ",Africa,"1,565","92,889",118
72,65,Serbia,"31,581",,716 ,,"30,188",,677,39,"3,617",82,"947,298","108,497","8,731,081 ",Europe,276,"12,194",9
73,66,Ireland,"29,114",,"1,777 ",,"23,364",,"3,973",6,"5,885",359,"852,007","172,218","4,947,267 ",Europe,170,"2,784",6
74,67,Austria,"28,372",+403,735 ,+1,"24,171",+351,"3,466",29,"3,147",82,"1,222,257","135,575","9,015,361 ",Europe,318,"12,266",7
75,68,Australia,"26,049",+126,678 ,+15,"21,912",+222,"3,459",26,"1,020",27,"6,445,984","252,282","25,550,683 ",Australia/Oceania,981,"37,685",4
76,69,El Salvador,"26,000",+96,739 ,+8,"15,119",+240,"10,142",251,"4,005",114,"322,766","49,718","6,491,923 ",North America,250,"8,785",20
77,70,Czechia,"25,773",,425 ,,"18,326",,"7,022",40,"2,406",40,"923,220","86,182","10,712,481 ",Europe,416,"25,206",12
78,71,Palestine,"24,471",+596,167 ,+5,"16,095",+612,"8,209",,"4,778",33,"263,288","51,412","5,121,112 ",Asia,209,"30,665",19
79,72,S. Korea,"20,644",+195,329 ,+3,"15,529",+173,"4,786",154,403,6,"2,000,552","39,015","51,276,977 ",Asia,"2,484","155,857",26
80,73,Bosnia and Herzegovina,"20,517",,627 ,,"13,626",,"6,264",,"6,261",191,"190,771","58,212","3,277,152 ",Europe,160,"5,227",17
81,74,Cameroon,"19,460",,415 ,,"17,651",,"1,394",30,730,16,"149,000","5,590","26,655,083 ",Africa,"1,370","64,229",179
82,75,Paraguay,"19,138",,358 ,,"9,981",,"8,799",87,"2,678",50,"198,620","27,789","7,147,553 ",South America,373,"19,965",36
83,76,Lebanon,"18,375",,177 ,,"5,195",,"13,003",97,"2,694",26,"545,350","79,964","6,819,976 ",Asia,371,"38,531",13
84,77,Ivory Coast,"18,161",,117 ,,"16,933",,"1,111",,686,4,"129,125","4,875","26,486,282 ",Africa,"1,458","226,378",205
85,78,Denmark,"17,195",,626 ,,"15,413",,"1,156",4,"2,967",108,"2,526,753","435,964","5,795,780 ",Europe,337,"9,258",2
86,79,Bulgaria,"16,617",,648 ,,"11,760",,"4,209",63,"2,395",93,"421,240","60,706","6,939,018 ",Europe,418,"10,708",16
87,80,Libya,"15,773",+617,254 ,+4,"1,856",+110,"13,663",,"2,290",37,"114,145","16,573","6,887,247 ",Africa,437,"27,115",60
88,81,Madagascar,"15,106",+83,197 ,+1,"14,031",+66,878,40,543,7,"59,438","2,137","27,808,395 ",Africa,"1,841","141,159",468
89,82,North Macedonia,"14,600",,606 ,,"11,741",,"2,253",1,"7,008",291,"151,706","72,818","2,083,359 ",Europe,143,"3,438",14
90,83,Senegal,"13,826",+83,287 ,,"9,553",+47,"3,986",33,822,17,"149,381","8,883","16,816,539 ",Africa,"1,216","58,594",113
91,84,Sudan,"13,189",,823 ,,"6,612",,"5,754",,300,19,401,9,"44,019,263 ",Africa,"3,338","53,486","109,774"
92,85,Zambia,"12,415",,292 ,,"11,494",,629,,672,16,"118,490","6,416","18,468,257 ",Africa,"1,488","63,247",156
93,86,Croatia,"11,094",+369,194 ,+3,"8,266",+298,"2,634",15,"2,705",47,"179,838","43,855","4,100,719 ",Europe,370,"21,138",23
94,87,Norway,"11,034",,264 ,,"9,348",,"1,422",1,"2,033",49,"745,279","137,288","5,428,594 ",Europe,492,"20,563",7
95,88,Greece,"10,757",,273 ,,"3,804",,"6,680",38,"1,033",26,"980,500","94,153","10,413,936 ",Europe,968,"38,146",11
96,89,DRC,"10,125",+11,259 ,,"9,367",+20,499,,112,3,,,"90,003,954 ",Africa,"8,889","347,506",
97,90,Albania,"9,728",,296 ,,"5,582",,"3,850",22,"3,381",103,"60,106","20,890","2,877,239 ",Europe,296,"9,720",48
98,91,Guinea,"9,479",,59 ,,"8,527",,893,24,719,4,"24,530","1,860","13,191,279 ",Africa,"1,392","223,581",538
99,92,Malaysia,"9,374",+14,128 ,,"9,083",+4,163,4,289,4,"1,280,878","39,488","32,436,963 ",Asia,"3,460","253,414",25
100,93,French Guiana,"9,209",,61 ,,"8,739",,409,8,"30,701",203,"54,370","181,259","299,958 ",South America,33,"4,917",6
101,94,Tajikistan,"8,654",,69 ,,"7,447",,"1,138",,904,7,,,"9,573,310 ",Asia,"1,106","138,744",
102,95,Gabon,"8,538",,53 ,,"7,335",,"1,150",2,"3,821",24,"122,308","54,737","2,234,448 ",Africa,262,"42,159",18
103,96,Haiti,"8,258",,206 ,,"5,870",,"2,182",,723,18,"23,679","2,072","11,426,356 ",North America,"1,384","55,468",483
104,97,Finland,"8,200",+39,336 ,,"7,350",,514,1,"1,480",61,"702,191","126,698","5,542,237 ",Europe,676,"16,495",8
105,98,Maldives,"8,140",,29 ,,"5,338",,"2,773",12,"15,014",53,"115,727","213,459","542,151 ",Asia,67,"18,695",5
106,99,Namibia,"7,844",,82 ,,"3,454",,"4,308",30,"3,078",32,"64,269","25,217","2,548,663 ",Africa,325,"31,081",40
107,100,Mauritania,"7,089",,160 ,,"6,548",,381,3,"1,518",34,"69,937","14,977","4,669,775 ",Africa,659,"29,186",67
108,101,Hungary,"6,923",+301,620 ,+1,"3,930",+27,"2,373",7,717,64,"445,047","46,090","9,655,983 ",Europe,"1,395","15,574",22
109,102,Luxembourg,"6,745",,124 ,,N/A,N/A,N/A,1,"10,746",198,"655,169","1,043,755","627,704 ",Europe,93,"5,062",1
110,103,Zimbabwe,"6,638",,206 ,,"5,250",,"1,182",,446,14,"151,597","10,174","14,899,771 ",Africa,"2,245","72,329",98
111,104,Malawi,"5,579",,175 ,,"3,500",,"1,904",4,290,9,"45,789","2,383","19,211,425 ",Africa,"3,444","109,780",420
112,105,Djibouti,"5,387",,60 ,,"5,327",,0,,"5,439",61,"68,142","68,799","990,447 ",Africa,184,"16,507",15
113,106,Montenegro,"5,019",,104 ,,"4,104",,811,,"7,991",166,"49,994","79,598","628,080 ",Europe,125,"6,039",13
114,107,Equatorial Guinea,"4,965",,83 ,,"4,390",,492,1,"3,520",59,"53,443","37,892","1,410,419 ",Africa,284,"16,993",26
115,108,Hong Kong,"4,839",+8,93 ,+1,"4,431",+30,315,25,645,12,"780,415","103,951","7,507,523 ",Asia,"1,551","80,726",10
116,109,CAR,"4,712",,62 ,,"1,803",,"2,847",2,973,13,"31,126","6,426","4,843,954 ",Africa,"1,028","78,128",156
117,110,Nicaragua,"4,668",,141 ,,"2,913",,"1,614",,703,21,,,"6,638,075 ",North America,"1,422","47,079",
118,111,Eswatini,"4,668",,94 ,,"3,585",,989,11,"4,016",81,"30,327","26,094","1,162,233 ",Africa,249,"12,364",38
119,112,Congo,"4,628",,102 ,,"1,742",,"2,784",,835,18,,,"5,540,555 ",Africa,"1,197","54,319",
120,113,Rwanda,"4,218",,17 ,,"2,071",,"2,130",,324,1,"421,121","32,381","13,005,303 ",Africa,"3,083","765,018",31
121,114,Tunisia,"4,196",,81 ,,"1,628",,"2,487",15,354,7,"148,212","12,518","11,839,918 ",Africa,"2,822","146,172",80
122,115,Slovakia,"4,163",+121,37 ,+4,"2,617",+94,"1,509",16,762,7,"343,642","62,937","5,460,109 ",Europe,"1,312","147,571",16
123,116,Suriname,"4,149",,72 ,,"3,272",,805,8,"7,062",123,"9,216","15,686","587,541 ",South America,142,"8,160",64
124,117,Cuba,"4,126",,98 ,,"3,458",,570,5,364,9,"408,727","36,089","11,325,391 ",North America,"2,745","115,565",28
125,118,Mozambique,"4,117",,25 ,,"2,170",,"1,922",,131,0.8,"96,387","3,070","31,398,811 ",Africa,"7,627","1,255,952",326
126,119,Cabo Verde,"4,048",,41 ,,"3,460",,547,,"7,267",74,"76,576","137,473","557,026 ",Africa,138,"13,586",7
127,120,Thailand,"3,427",+2,58 ,,"3,277",+3,92,1,49,0.8,"749,213","10,729","69,830,779 ",Asia,"20,377","1,203,979",93
128,121,Somalia,"3,310",,98 ,,"2,481",,731,,207,6,,,"15,965,848 ",Africa,"4,824","162,917",
129,122,Mayotte,"3,301",,40 ,,"2,964",,297,1,"12,052",146,"13,000","47,462","273,905 ",Africa,83,"6,848",21
130,123,Uganda,"3,112",,32 ,,"1,528",,"1,552",,68,0.7,"385,882","8,393","45,974,931 ",Africa,"14,773","1,436,717",119
131,124,Sri Lanka,"3,102",+1,12 ,,"2,883",,207,,145,0.6,"230,547","10,759","21,428,970 ",Asia,"6,908","1,785,748",93
132,125,Gambia,"3,067",,97 ,,"1,032",,"1,938",,"1,263",40,"13,354","5,500","2,427,782 ",Africa,792,"25,029",182
133,126,Slovenia,"3,032",+53,134 ,,"2,402",+43,496,4,"1,458",64,"163,500","78,644","2,078,989 ",Europe,686,"15,515",13
134,127,Lithuania,"2,978",+20,86 ,,"1,901",+27,991,,"1,097",32,"653,744","240,760","2,715,340 ",Europe,912,"31,574",4
135,128,Syria,"2,898",,120 ,,661,,"2,117",,165,7,,,"17,571,053 ",Asia,"6,063","146,425",
136,129,Jamaica,"2,822",+139,27 ,+3,900,+2,"1,895",7,952,9,"61,229","20,662","2,963,429 ",North America,"1,050","109,757",48
137,130,Mali,"2,802",,126 ,,"2,185",,491,,138,6,"39,771","1,955","20,346,106 ",Africa,"7,261","161,477",512
138,131,Angola,"2,777",,112 ,,"1,115",,"1,550",24,84,3,"64,747","1,960","33,032,075 ",Africa,"11,895","294,929",510
139,132,South Sudan,"2,532",,47 ,,"1,290",,"1,195",,226,4,"12,044","1,074","11,216,250 ",Africa,"4,430","238,644",931
140,133,Estonia,"2,441",+26,64 ,,"2,150",+20,227,,"1,840",48,"154,212","116,238","1,326,693 ",Europe,544,"20,730",9
141,134,Bahamas,"2,337",,50 ,,849,,"1,438",83,"5,933",127,"11,871","30,138","393,893 ",North America,169,"7,878",33
142,135,Aruba,"2,211",,12 ,,934,,"1,265",7,"20,694",112,"21,955","205,485","106,845 ",North America,48,"8,904",5
143,136,Guinea-Bissau,"2,205",,34 ,,"1,127",,"1,044",5,"1,116",17,"1,500",759,"1,975,718 ",Africa,896,"58,109","1,317"
144,137,Benin,"2,194",,40 ,,"1,738",,416,,180,3,"118,206","9,709","12,175,480 ",Africa,"5,549","304,387",103
145,138,Jordan,"2,161",,15 ,,"1,610",,536,3,211,1,"850,088","83,174","10,220,604 ",Asia,"4,730","681,374",12
146,139,Iceland,"2,121",,10 ,,"2,016",,95,,"6,209",29,"218,917","640,805","341,628 ",Europe,161,"34,163",2
147,140,Sierra Leone,"2,029",,71 ,,"1,600",,358,,253,9,,,"8,004,158 ",Africa,"3,945","112,735",
148,141,Yemen,"1,976",,571 ,,"1,175",,230,,66,19,120,4,"29,935,468 ",Asia,"15,150","52,426","249,462"
149,142,Malta,"1,965",+34,13 ,,"1,528",+38,424,,"4,448",29,"197,014","445,985","441,750 ",Europe,225,"33,981",2
150,143,Trinidad and Tobago,"1,920",,28 ,,691,,"1,201",6,"1,371",20,"24,209","17,289","1,400,283 ",North America,729,"50,010",58
151,144,Réunion,"1,796",,10 ,,880,,906,2,"2,004",11,"35,419","39,512","896,422 ",Africa,499,"89,642",25
152,145,New Zealand,"1,759",+2,22 ,,"1,622",+16,115,7,352,4,"788,081","157,550","5,002,100 ",Australia/Oceania,"2,844","227,368",6
153,146,Botswana,"1,724",,6 ,,493,,"1,225",1,731,3,"116,728","49,470","2,359,585 ",Africa,"1,369","393,264",20
154,147,Uruguay,"1,626",,44 ,,"1,433",,149,3,468,13,"176,981","50,917","3,475,842 ",South America,"2,138","78,996",20
155,148,Georgia,"1,568",+20,19 ,,"1,279",+9,270,,393,5,"388,485","97,418","3,987,805 ",Asia,"2,543","209,884",10
156,149,Cyprus,"1,495",,21 ,,"1,139",,335,5,"1,237",17,"286,736","237,190","1,208,886 ",Asia,809,"57,566",4
157,150,Togo,"1,434",,30 ,,"1,055",,349,,173,4,"67,079","8,071","8,310,934 ",Africa,"5,796","277,031",124
158,151,Latvia,"1,410",+4,34 ,,"1,187",+14,189,1,749,18,"258,795","137,481","1,882,408 ",Europe,"1,335","55,365",7
159,152,Guyana,"1,382",,41 ,,779,,562,14,"1,756",52,"8,918","11,329","787,215 ",South America,570,"19,200",88
160,153,Burkina Faso,"1,370",,55 ,,"1,075",,240,,65,3,,,"20,997,293 ",Africa,"15,326","381,769",
161,154,Guadeloupe,"1,363",,18 ,,336,,"1,009",7,"3,406",45,"31,762","79,378","400,136 ",North America,294,"22,230",13
162,155,Liberia,"1,305",,82 ,,"1,162",,61,,257,16,,,"5,077,411 ",Africa,"3,891","61,920",
163,156,Andorra,"1,199",,53 ,,909,,237,3,"15,514",686,"137,457","1,778,527","77,287 ",Europe,64,"1,458",1
164,157,Niger,"1,176",,69 ,,"1,088",,19,,48,3,"9,052",372,"24,346,468 ",Africa,"20,703","352,847","2,690"
165,158,Belize,"1,101",,13 ,,240,,848,3,"2,760",33,"8,721","21,866","398,845 ",North America,362,"30,680",46
166,159,Lesotho,"1,085",,31 ,,528,,526,,506,14,"15,632","7,287","2,145,194 ",Africa,"1,977","69,200",137
167,160,Myanmar,"1,058",+63,6 ,,359,+1,693,,19,0.1,"164,266","3,016","54,473,253 ",Asia,"51,487","9,078,876",332
168,161,Vietnam,"1,046",,35 ,+1,746,,265,,11,0.4,"1,009,145","10,351","97,490,013 ",Asia,"93,203","2,785,429",97
169,162,Chad,"1,017",,77 ,,904,,36,,62,5,,,"16,502,877 ",Africa,"16,227","214,323",
170,163,Sao Tome and Principe,896,,15 ,,855,,26,,"4,076",68,"3,875","17,626","219,844 ",Africa,245,"14,656",57
171,164,Martinique,754,,18 ,,98,,638,3,"2,010",48,"13,253","35,321","375,213 ",North America,498,"20,845",28
172,165,San Marino,735,,42 ,,660,,33,,"21,653","1,237","6,865","202,245","33,944 ",Europe,46,808,5
173,166,Diamond Princess,712,,13 ,,651,,48,4,,,,, ,,,,
174,167,Channel Islands,631,,48 ,,575,,8,1,"3,624",276,"83,755","480,964","174,140 ",Europe,276,"3,628",2
175,168,French Polynesia,622,, ,,336,,286,4,"2,212",,"15,272","54,312","281,191 ",Australia/Oceania,452,,18
176,169,Turks and Caicos,555,+17,4 ,,220,+2,331,2,"14,302",103,"2,557","65,892","38,806 ",North America,70,"9,702",15
177,170,Tanzania,509,,21 ,,183,,305,7,8,0.3,,,"60,012,400 ",Africa,"117,903","2,857,733",
178,171,Sint Maarten,495,+13,19 ,,302,+61,174,8,"11,522",442,"2,281","53,096","42,960 ",North America,87,"2,261",19
179,172,Taiwan,489,,7 ,,471,,11,,21,0.3,"87,646","3,679","23,824,369 ",Asia,"48,721","3,403,481",272
180,173,Papua New Guinea,471,,5 ,,232,,234,,52,0.6,"15,592","1,737","8,975,531 ",Australia/Oceania,"19,056","1,795,106",576
181,174,Burundi,448,,1 ,,357,,90,,37,0.08,"24,659","2,064","11,948,454 ",Africa,"26,671","11,948,454",485
182,175,Comoros,427,,7 ,,410,,10,,489,8,,,"872,695 ",Africa,"2,044","124,671",
183,176,Faeroe Islands,412,+1, ,,379,+5,33,2,"8,426",,"100,300","2,051,293","48,896 ",Europe,119,,0
184,177,Mauritius,356,,10 ,,335,,11,,280,8,"227,409","178,761","1,272,140 ",Africa,"3,573","127,214",6
185,178,Isle of Man,336,,24 ,,312,,0,,"3,948",282,"10,162","119,396","85,112 ",Europe,253,"3,546",8
186,179,Eritrea,319,, ,,284,,35,,90,,,,"3,554,797 ",Africa,"11,144",,
187,180,Mongolia,306,, ,,296,,10,1,93,,"55,251","16,808","3,287,242 ",Asia,"10,743",,59
188,181,Gibraltar,298,+3, ,,246,+6,52,,"8,846",,"35,706","1,059,871","33,689 ",Europe,113,,1
189,182,Cambodia,274,, ,,271,+5,3,1,16,,"101,262","6,042","16,758,448 ",Asia,"61,162",,165
190,183,Saint Martin,239,+26,6 ,+1,79,,154,11,"6,163",155,"2,968","76,538","38,778 ",North America,162,"6,463",13
191,184,Bhutan,227,, ,,144,+2,83,,294,,"104,163","134,740","773,069 ",Asia,"3,406",,7
192,185,Cayman Islands,205,,1 ,,204,,0,,"3,113",15,"35,668","541,622","65,854 ",North America,321,"65,854",2
193,186,Barbados,176,,7 ,,149,+3,20,,612,24,"17,492","60,855","287,437 ",North America,"1,633","41,062",16
194,187,Bermuda,172,,9 ,,157,,6,,"2,764",145,"46,667","749,827","62,237 ",North America,362,"6,915",1
195,188,Brunei ,145,+1,3 ,,139,,3,,331,7,"52,185","119,089","438,202 ",Asia,"3,022","146,067",8
196,189,Monaco,142,,1 ,,91,,50,1,"3,614",25,"51,953","1,322,296","39,290 ",Europe,277,"39,290",1
197,190,Seychelles,136,, ,,127,,9,,"1,381",,,,"98,453 ",Africa,724,,
198,191,Liechtenstein,107,,1 ,,97,,9,,"2,805",26,900,"23,593","38,147 ",Europe,357,"38,147",42
199,192,Antigua and Barbuda,94,,3 ,,91,,0,1,959,31,"1,946","19,843","98,069 ",North America,"1,043","32,690",50
200,193,Curaçao,75,+4,1 ,,39,+4,35,,457,6,"1,080","6,577","164,211 ",North America,"2,189","164,211",152
201,194,St. Vincent Grenadines,61,, ,,57,,4,,550,,"3,805","34,279","111,002 ",North America,"1,820",,29
202,195,British Virgin Islands,47,,1 ,,8,,38,,"1,553",33,"2,853","94,264","30,266 ",North America,644,"30,266",11
203,196,Macao,46,, ,,46,,0,,71,,"4,071","6,255","650,846 ",Asia,"14,149",,160
204,197,Fiji,29,,2 ,,23,,4,1,32,2,"7,986","8,897","897,573 ",Australia/Oceania,"30,951","448,787",112
205,198,Timor-Leste,27,, ,,25,,2,,20,,"5,146","3,891","1,322,667 ",Asia,"48,988",,257
206,199,Saint Lucia,26,, ,,26,,0,,141,,"5,730","31,180","183,774 ",North America,"7,068",,32
207,200,Grenada,24,, ,,24,,0,,213,,"6,252","55,517","112,614 ",North America,"4,692",,18
208,201,New Caledonia,23,, ,,23,,0,,80,,"12,618","44,123","285,972 ",Australia/Oceania,"12,434",,23
209,202,Laos,22,, ,,21,,1,,3,,"40,035","5,489","7,293,542 ",Asia,"331,525",,182
210,203,Dominica,20,, ,,18,,2,,278,,"2,077","28,840","72,017 ",North America,"3,601",,35
211,204,St. Barth,18,, ,,13,,5,,"1,821",,"2,075","209,978","9,882 ",North America,549,,5
212,205,Saint Kitts and Nevis,17,, ,,17,,0,,319,,"1,635","30,696","53,264 ",North America,"3,133",,33
213,206,Caribbean Netherlands,16,, ,,7,,9,,609,,900,"34,266","26,265 ",North America,"1,642",,29
214,207,Greenland,14,, ,,14,,0,,247,,"6,727","118,460","56,787 ",North America,"4,056",,8
215,208,Montserrat,13,,1 ,,12,,0,,"2,604",200,328,"65,692","4,993 ",North America,384,"4,993",15
216,209,Falkland Islands,13,, ,,13,,0,,"3,717",,"2,256","645,124","3,497 ",South America,269,,2
217,210,Vatican City,12,, ,,12,,0,,"14,981",,,,801 ,Europe,67,,
218,211,Western Sahara,10,,1 ,,8,,1,,17,2,,,"599,769 ",Africa,"59,977","599,769",
219,212,MS Zaandam,9,,2 ,,,,7,,,,,, ,,,,
220,213,Saint Pierre Miquelon,5,, ,,4,,1,,864,,"1,051","181,551","5,789 ",North America,"1,158",,6
221,214,Anguilla,3,, ,,3,,0,,200,,808,"53,773","15,026 ",North America,"5,009",,19
222,215,China,"85,077",+11,"4,634 ",,"80,251",+17,192,4,59,3,"160,000,000","111,163","1,439,323,776 ",Asia,"16,918","310,601",9
223,,Total:,"7,461,442","+6,777","275,329",+673,"4,349,171","+5,540","2,836,942","19,321",,,,,,North America, ,,
224,,Total:,"6,469,894",+661,"206,764",+102,"5,103,433","+1,950","1,159,697","15,272",,,,,,South America, ,,
225,,Total:,"7,317,923","+20,426","146,067",+415,"5,872,863","+17,126","1,298,993","18,868",,,,,,Asia, ,,
226,,Total:,"3,658,172","+11,770","208,809",+242,"2,108,404","+9,188","1,340,959","5,807",,,,,,Europe, ,,
227,,Total:,"1,274,007",+794,"30,375",+5,"1,011,307",+243,"232,325","1,276",,,,,,Africa, ,,
228,,Total:,"28,953",+128,707,+15,"24,148",+238,"4,098",38,,,,,,Australia/Oceania, ,,
229,,Total:,721,,15,,651,,55,4,,,,,,, ,,
230,,Total:,"26,211,112","+40,556","868,066","+1,452","18,469,977","+34,285","6,873,069","60,586","3,362.6",111.4,,,,All,"
",,
